0 -0.012903 0.000000
1 -0.011198 -0.000919
2 0.061046 -0.037763
3 -0.070371 0.117533
4 0.029160 -0.152065
5 0.007891 0.171196
6 -0.071228 -0.248292
7 0.202322 0.310978
8 -0.335528 -0.330902
9 0.405981 0.359808
10 -0.424111 -0.422067
11 0.413302 0.484100
12 -0.374751 -0.520106
13 0.304697 0.555965
14 -0.197277 -0.586194
15 0.062927 0.582707
16 0.069973 -0.545940
17 -0.183831 0.484119
18 0.265903 -0.411521
19 -0.348184 0.367226
20 0.448359 -0.310913
21 -0.516105 0.196473
22 0.543140 -0.067443
23 -0.550039 -0.052304
24 0.541891 0.154117
25 -0.512691 -0.229318
26 0.448311 0.322040
27 -0.368826 -0.432017
28 0.317528 0.491841
29 -0.267051 -0.485557
30 0.174558 0.448376
31 -0.091460 -0.420817
32 0.045090 0.395927
33 -0.008925 -0.339065
34 -0.018445 0.247136
35 0.041314 -0.133943
36 -0.036127 0.020416
37 -0.012706 0.094911
38 0.080352 -0.233019
39 -0.144916 0.319616
40 0.295265 -0.316765
41 -0.584092 0.498093
42 0.576416 -0.893840
43 -0.203275 0.953656
44 0.047206 -0.624835
45 -0.129751 0.367402
46 0.187111 -0.228302
47 -0.223397 0.094423
48 0.250441 0.024242
49 -0.236846 -0.122978
50 0.185455 0.217579
51 -0.118936 -0.312016
52 0.034307 0.360168
53 0.083423 -0.332720
54 -0.231431 0.320587
55 0.256932 -0.327250
56 -0.167781 0.153950
57 0.220120 0.079753
58 -0.316116 -0.140169
59 0.270109 0.154301
60 -0.160762 -0.228554
61 0.029393 0.316947
62 0.110655 -0.363204
63 -0.238464 0.372868
64 0.370786 -0.357224
65 -0.508696 0.302630
66 0.633786 -0.234449
67 -0.722375 0.168042
68 0.761485 -0.103399
69 -0.761868 0.052948
70 0.713181 -0.037415
71 -0.594996 0.031541
72 0.440452 0.006596
73 -0.294111 -0.064352
74 0.139936 0.103962
75 0.025368 -0.139577
76 -0.121457 0.174310
77 0.137255 -0.135381
78 -0.127780 0.000294
79 0.095584 0.199048
80 -0.082814 -0.424371
81 0.148775 0.599849
82 -0.248389 -0.619566
83 0.254510 0.474333
84 -0.130538 -0.294788
85 -0.017722 0.147027
86 0.139796 0.008597
87 -0.261751 -0.166852
88 0.357439 0.288088
89 -0.383011 -0.365412
90 0.332120 0.392758
91 -0.232669 -0.377349
92 0.082495 0.343181
93 0.120554 -0.295418
94 -0.284639 0.234491
95 0.367324 -0.163260
96 -0.397436 0.082669
97 0.380304 0.017646
98 -0.325463 -0.129532
99 0.236396 0.249088
100 -0.154132 -0.365338
101 0.063929 0.418809
102 0.080303 -0.415323
103 -0.226496 0.374125
104 0.372055 -0.274698
105 -0.535867 0.143130
106 0.676059 -0.023171
107 -0.746853 -0.080894
108 0.733519 0.203282
109 -0.684052 -0.351894
110 0.635362 0.461183
111 -0.520274 -0.480212
112 0.286410 0.475905
113 -0.029518 -0.530157
114 -0.140092 0.579553
115 0.237806 -0.516422
116 -0.319501 0.343039
117 0.385524 -0.117181
118 -0.414496 -0.126945
119 0.411225 0.358509
120 -0.375928 -0.533620
121 0.297367 0.631051
122 -0.199401 -0.658044
123 0.112667 0.629136
124 -0.036076 -0.533198
125 -0.013455 0.323873
126 0.136763 0.001564
127 -0.406963 -0.205940
128 0.538452 0.183729
129 -0.398232 -0.185864
130 0.189648 0.299278
131 -0.022262 -0.430028
132 -0.115812 0.513745
133 0.250552 -0.536323
134 -0.370452 0.505507
135 0.455937 -0.416520
136 -0.504090 0.273365
137 0.509421 -0.093595
138 -0.468447 -0.091302
139 0.379593 0.259323
140 -0.251617 -0.400906
141 0.109337 0.500337
142 0.033663 -0.539694
143 -0.178811 0.515537
144 0.317835 -0.436917
145 -0.429991 0.318837
146 0.498498 -0.175940
147 -0.521643 0.017602
148 0.502456 0.141007
149 -0.438835 -0.274754
150 0.322033 0.373680
151 -0.166054 -0.451086
152 -0.009888 0.506028
153 0.184718 -0.528172
154 -0.302276 0.529822
155 0.366962 -0.488442
156 -0.421746 0.383001
157 0.455612 -0.253315
158 -0.437298 0.130292
159 0.347509 -0.009188
160 -0.204388 -0.116352
161 0.047196 0.207599
162 0.115947 -0.214677
163 -0.304089 0.151415
164 0.472328 -0.077148
165 -0.508992 -0.005756
166 0.396494 0.191437
167 -0.279735 -0.522162
168 0.299364 0.852108
169 -0.399601 -0.971842
170 0.388636 0.847324
171 -0.190160 -0.636195
172 -0.082694 0.471080
173 0.303384 -0.334825
174 -0.449884 0.171292
175 0.547478 0.011387
176 -0.593055 -0.179270
177 0.567563 0.324308
178 -0.471649 -0.453029
179 0.330809 0.553239
180 -0.166894 -0.603261
181 -0.018033 0.595834
182 0.204247 -0.535042
183 -0.377507 0.427210
184 0.510143 -0.279412
185 -0.553633 0.103162
186 0.529183 0.079593
187 -0.463517 -0.249927
188 0.349175 0.396200
189 -0.198263 -0.502670
190 0.029907 0.555822
191 0.136736 -0.551557
192 -0.283742 0.490266
193 0.392377 -0.384094
194 -0.453154 0.254517
195 0.472004 -0.115635
196 -0.466665 -0.034385
197 0.448383 0.179859
198 -0.447323 -0.328078
199 0.489238 0.369242
200 -0.360413 -0.275290
201 0.072664 0.322586
202 0.090821 -0.426589
203 -0.213516 0.380424
204 0.370960 -0.269334
205 -0.482218 0.123129
206 0.531482 0.055192
207 -0.504718 -0.238931
208 0.388403 0.395260
209 -0.194719 -0.517260
210 -0.034284 0.609102
211 0.248478 -0.645509
212 -0.418591 0.604610
213 0.551160 -0.480757
214 -0.659452 0.301631
215 0.732729 -0.093140
216 -0.746619 -0.121579
217 0.685170 0.300185
218 -0.550477 -0.442775
219 0.372903 0.557699
220 -0.175280 -0.614471
221 -0.048728 0.595598
222 0.291200 -0.531505
223 -0.498379 0.444581
224 0.617982 -0.327139
225 -0.608112 0.144920
226 0.523554 0.141976
227 -0.452070 -0.430595
228 0.328896 0.603598
229 -0.109953 -0.685069
230 -0.144777 0.703899
231 0.377440 -0.650694
232 -0.563940 0.514993
233 0.695743 -0.315860
234 -0.750895 0.092260
235 0.720095 0.134362
236 -0.616415 -0.347122
237 0.459836 0.522077
238 -0.266608 -0.642679
239 0.051679 0.698940
240 0.169916 -0.680876
241 -0.380925 0.593443
242 0.547343 -0.450185
243 -0.649952 0.251305
244 0.688343 -0.026303
245 -0.643729 -0.179248
246 0.535899 0.369114
247 -0.383633 -0.533094
248 0.188187 0.646198
249 0.016955 -0.700691
250 -0.200922 0.687341
251 0.383383 -0.576770
252 -0.611341 0.443710
253 0.757149 -0.365957
254 -0.751635 0.212204
255 0.714756 0.021539
256 -0.637263 -0.229761
257 0.476370 0.411979
258 -0.261325 -0.560105
259 0.022991 0.655875
260 0.214143 -0.680514
261 -0.428412 0.626924
262 0.600910 -0.501391
263 -0.718474 0.312603
264 0.771537 -0.081683
265 -0.750178 -0.161629
266 0.648363 0.391552
267 -0.476818 -0.585347
268 0.251150 0.715977
269 0.012356 -0.762829
270 -0.284915 0.724500
271 0.527762 -0.606797
272 -0.707365 0.416213
273 0.801799 -0.168549
274 -0.807521 -0.108413
275 0.727774 0.376031
276 -0.567359 -0.591220
277 0.340994 0.731303
278 -0.066616 -0.812275
279 -0.203943 0.843754
280 0.403214 -0.797585
281 -0.519257 0.636957
282 0.602758 -0.354975
283 -0.684766 0.020754
284 0.729480 0.262558
285 -0.680955 -0.464708
286 0.522398 0.617780
287 -0.299974 -0.732916
288 0.067084 0.778988
289 0.159062 -0.728109
290 -0.377748 0.591039
291 0.572984 -0.399750
292 -0.708716 0.181750
293 0.756325 0.048194
294 -0.711118 -0.283546
295 0.586752 0.499829
296 -0.401874 -0.665956
297 0.168875 0.756119
298 0.079396 -0.785497
299 -0.274490 0.703129
300 0.511265 -0.459430
301 -0.793177 0.254943
302 0.900009 -0.111292
303 -0.859089 -0.114365
304 0.763644 0.358485
305 -0.594569 -0.566655
306 0.365411 0.738851
307 -0.106008 -0.842936
308 -0.153300 0.843982
309 0.398692 -0.757727
310 -0.611731 0.604800
311 0.765887 -0.389532
312 -0.841338 0.130889
313 0.834642 0.144981
314 -0.749305 -0.410569
315 0.583682 0.639739
316 -0.349052 -0.803009
317 0.074058 0.880853
318 0.214624 -0.862866
319 -0.484952 0.746669
320 0.701358 -0.547049
321 -0.840795 0.284256
322 0.893314 0.017130
323 -0.852321 -0.318778
324 0.714091 0.584626
325 -0.489170 -0.795519
326 0.214412 0.932575
327 0.070981 -0.964904
328 -0.353499 0.882770
329 0.613286 -0.715854
330 -0.801552 0.492196
331 0.887600 -0.209890
332 -0.892867 -0.117513
333 0.839777 0.419813
334 -0.691923 -0.625130
335 0.396569 0.750888
336 0.003624 -0.884162
337 -0.359843 1.044942
338 0.571191 -1.111109
339 -0.669839 0.961515
340 0.749985 -0.624982
341 -0.843901 0.230866
342 0.881108 0.122542
343 -0.791548 -0.428533
344 0.590102 0.707509
345 -0.339978 -0.930814
346 0.074604 1.041002
347 0.210662 -1.016979
348 -0.502919 0.882577
349 0.757536 -0.666952
350 -0.932605 0.388255
351 1.013608 -0.063176
352 -0.998791 -0.277620
353 0.880006 0.593294
354 -0.657766 -0.849834
355 0.355661 1.025672
356 -0.007993 -1.101267
357 -0.351560 1.060663
358 0.685169 -0.906550
359 -0.947033 0.655850
360 1.108965 -0.330388
361 -1.156354 -0.038209
362 1.078832 0.409243
363 -0.878677 -0.740245
364 0.579262 0.994508
365 -0.213225 -1.139210
366 -0.187106 1.160215
367 0.565518 -1.053312
368 -0.876328 0.824615
369 1.106241 -0.505511
370 -1.223440 0.129650
371 1.206445 0.267310
372 -1.065286 -0.637640
373 0.816082 0.945346
374 -0.484039 -1.150664
375 0.088369 1.233143
376 0.328337 -1.220754
377 -0.666659 1.120058
378 0.872569 -0.849237
379 -1.054029 0.400724
380 1.219573 0.037332
381 -1.207279 -0.410132
382 1.020185 0.781311
383 -0.728497 -1.090098
384 0.354542 1.284687
385 0.070885 -1.357290
386 -0.500459 1.299938
387 0.875011 -1.112253
388 -1.161878 0.801387
389 1.351992 -0.397689
390 -1.425581 -0.041592
391 1.345390 0.475044
392 -1.100879 -0.887911
393 0.738314 1.260803
394 -0.321110 -1.531713
395 -0.115369 1.625808
396 0.565049 -1.519073
397 -1.006067 1.247630
398 1.363519 -0.854445
399 -1.598718 0.358116
400 1.698952 0.138925
401 -1.554443 -0.594295
402 1.208494 1.070009
403 -0.776437 -1.463808
404 0.252240 1.685990
405 0.322209 -1.733917
406 -0.873236 1.589039
407 1.354169 -1.260139
408 -1.716445 0.784672
409 1.911501 -0.211520
410 -1.904287 -0.406528
411 1.693724 1.009646
412 -1.296614 -1.529827
413 0.745819 1.904481
414 -0.083333 -2.084289
415 -0.619802 2.049924
416 1.289641 -1.795483
417 -1.851895 1.335681
418 2.247971 -0.707329
419 -2.421936 -0.029032
420 2.344976 0.803591
421 -2.006200 -1.534338
422 1.437277 2.139560
423 -0.691359 -2.543023
424 -0.160784 2.693751
425 1.041172 -2.557394
426 -1.842250 2.137146
427 2.486004 -1.454965
428 -2.895763 0.569663
429 3.026377 0.436458
430 -2.828703 -1.449040
431 2.301602 2.362425
432 -1.463613 -3.077160
433 0.407755 3.521631
434 0.771858 -3.611484
435 -1.946419 3.295448
436 3.040294 -2.554572
437 -3.899436 1.479466
438 4.389180 -0.150373
439 -4.348636 -1.357487
440 3.828793 2.971649
441 -2.820384 -4.425345
442 1.337705 5.479530
443 0.753667 -6.003667
444 -3.129988 6.057544
445 5.546442 -5.366592
446 -7.622698 3.619353
447 9.798327 -0.633734
448 -11.433943 -2.902342
449 12.074090 6.753689
450 -8.286290 -11.732673
451 3.184371 22.581762
452 7.973290 -36.501216
453 -15.418138 85.667621
454 -52.400886 -131.955199
455 123.300563 73.142061
456 -91.873729 -2.494968
457 45.777525 0.884224
458 -30.000216 -9.643183
459 19.513276 12.717101
460 -11.948163 -14.175265
461 5.481283 14.080824
462 -0.768646 -13.140277
463 -2.873809 11.131446
464 5.380679 -8.568073
465 -7.063991 5.697799
466 7.763440 -2.949258
467 -7.613958 0.399946
468 6.709048 1.807790
469 -5.373785 -3.574605
470 3.724102 4.725713
471 -1.945500 -5.270801
472 0.173039 5.248621
473 1.384834 -4.753358
474 -2.626739 3.849552
475 3.463966 -2.667634
476 -3.893376 1.341771
477 3.896851 -0.029672
478 -3.524121 -1.159615
479 2.835151 2.126786
480 -1.935433 -2.809757
481 0.917391 3.160625
482 0.108604 -3.175778
483 -1.058602 2.870419
484 1.845865 -2.303124
485 -2.395874 1.556026
486 2.648623 -0.702445
487 -2.627163 -0.175529
488 2.345843 0.962858
489 -1.835396 -1.594148
490 1.170682 2.021325
491 -0.441441 -2.212976
492 -0.281211 2.159926
493 0.922889 -1.886315
494 -1.429258 1.437712
495 1.758688 -0.875321
496 -1.891262 0.262980
497 1.817317 0.332449
498 -1.563362 -0.856079
499 1.147885 1.229159
500 -0.547862 -1.481267
501 -0.057831 1.685781
502 0.505775 -1.674883
503 -0.920756 1.404472
504 1.246961 -1.042305
505 -1.377330 0.550129
506 1.439178 0.062082
507 -1.457413 -0.591338
508 1.316713 0.955651
509 -0.999812 -1.185900
510 0.548168 1.307941
511 -0.044198 -1.341363
512 -0.415888 1.268470
513 0.781946 -1.067548
514 -1.043964 0.743533
515 1.198294 -0.344521
516 -1.231704 -0.066048
517 1.131027 0.441040
518 -0.908853 -0.754642
519 0.602712 0.985748
520 -0.257475 -1.110064
521 -0.092631 1.110733
522 0.421170 -0.996060
523 -0.696183 0.788289
524 0.881792 -0.513965
525 -0.954527 0.189156
526 0.937642 0.167984
527 -0.853873 -0.481142
528 0.673598 0.705061
529 -0.413114 -0.859023
530 0.119330 0.928735
531 0.176639 -0.902419
532 -0.442367 0.787943
533 0.655496 -0.595613
534 -0.801438 0.346428
535 0.865138 -0.069306
536 -0.837938 -0.204426
537 0.724747 0.448549
538 -0.542567 -0.645689
539 0.310745 0.774953
540 -0.052653 -0.819588
541 -0.203336 0.779305
542 0.430217 -0.663247
543 -0.609144 0.486622
544 0.723740 -0.267662
545 -0.760030 0.026887
546 0.715396 0.209966
547 -0.599585 -0.417600
548 0.425862 0.576001
549 -0.213025 -0.670882
550 -0.014359 0.692765
551 0.232232 -0.640260
552 -0.420543 0.520280
553 0.560166 -0.346124
554 -0.635836 0.139371
555 0.639727 0.073867
556 -0.575152 -0.273569
557 0.451636 0.443321
558 -0.282365 -0.563218
559 0.084891 0.615662
560 0.122589 -0.599742
561 -0.316870 0.529788
562 0.464663 -0.414179
563 -0.542547 0.247644
564 0.557091 -0.039338
565 -0.531408 -0.176394
566 0.469423 0.357297
567 -0.359736 -0.474933
568 0.203123 0.527011
569 -0.018907 -0.527475
570 -0.161570 0.485603
571 0.310070 -0.397609
572 -0.416380 0.264989
573 0.477697 -0.107227
574 -0.488435 -0.053703
575 0.446837 0.203988
576 -0.360907 -0.333831
577 0.242636 0.430405
578 -0.104227 -0.482211
579 -0.041123 0.485962
580 0.178663 -0.444340
581 -0.293877 0.359420
582 0.375060 -0.240690
583 -0.415985 0.103675
584 0.413304 0.040489
585 -0.367641 -0.177939
586 0.283764 0.293734
587 -0.168582 -0.377202
588 0.036503 0.421679
589 0.098608 -0.419625
590 -0.225358 0.369529
591 0.326466 -0.281905
592 -0.388954 0.167643
593 0.410286 -0.040711
594 -0.391319 -0.086317
595 0.334550 0.203037
596 -0.244467 -0.296948
597 0.129307 0.353746
598 -0.007681 -0.370633
599 -0.105899 0.349150
600 0.208579 -0.293105
601 -0.282593 0.214049
602 0.322340 -0.106329
603 -0.340290 -0.013634
604 0.321884 0.118120
605 -0.265990 -0.207498
606 0.184342 0.273029
607 -0.083246 -0.305478
608 -0.021804 0.311712
609 0.117958 -0.289486
610 -0.198018 0.234707
611 0.257945 -0.156783
612 -0.291373 0.066308
613 0.293289 0.025924
614 -0.264934 -0.116426
615 0.208668 0.203824
616 -0.129955 -0.272043
617 0.038588 0.305867
618 0.057087 -0.302032
619 -0.154304 0.264834
620 0.243846 -0.207194
621 -0.299973 0.138033
622 0.305889 -0.056541
623 -0.271784 -0.044061
624 0.218278 0.156237
625 -0.156951 -0.249225
626 0.079149 0.298981
627 0.014863 -0.304845
628 -0.110221 0.276008
629 0.190924 -0.219614
630 -0.252681 0.125319
631 0.319176 -0.026275
632 -0.342450 -0.028314
633 0.284616 0.088836
634 -0.204736 -0.169312
635 0.119823 0.221855
636 -0.027814 -0.243439
637 -0.058506 0.236563
638 0.133971 -0.202129
639 -0.193590 0.145921
640 0.232786 -0.075786
641 -0.245660 0.001281
642 0.232837 0.071655
643 -0.197003 -0.135746
644 0.140171 0.183416
645 -0.071128 -0.208617
646 0.000580 0.209919
647 0.066835 -0.187580
648 -0.122990 0.143847
649 0.159828 -0.085071
650 -0.176367 0.018045
651 0.172631 0.049276
652 -0.147986 -0.110828
653 0.104342 0.157057
654 -0.050149 -0.183418
655 -0.005544 0.191794
656 0.057378 -0.181332
657 -0.101261 0.155080
658 0.133446 -0.117270
659 -0.151417 0.071225
660 0.156161 -0.021422
661 -0.148737 -0.026999
662 0.128614 0.070532
663 -0.096744 -0.108262
664 0.054448 0.134314
665 -0.007328 -0.143120
666 -0.036606 0.136633
667 0.074689 -0.118288
668 -0.105783 0.089171
669 0.126938 -0.050365
670 -0.133949 0.006090
671 0.124844 0.037684
672 -0.099762 -0.076269
673 0.061999 0.106851
674 -0.019861 -0.128191
675 -0.023272 0.132761
676 0.065467 -0.118310
677 -0.095095 0.089333
678 0.115524 -0.043559
679 -0.134663 -0.003108
680 0.136451 0.037746
681 -0.114901 -0.069503
682 0.081378 0.098065
683 -0.043587 -0.116073
684 0.004106 0.120420
685 0.033785 -0.110049
686 -0.066109 0.086840
687 0.089469 -0.055797
688 -0.100221 0.020900
689 0.097960 0.014332
690 -0.085566 -0.046636
691 0.064631 0.073770
692 -0.035392 -0.093145
693 0.003023 0.101131
694 0.026779 -0.097572
695 -0.053050 0.083470
696 0.073382 -0.060687
697 -0.083973 0.033186
698 0.084528 -0.006157
699 -0.076137 -0.018473
700 0.059034 0.030292
701 -0.014082 -0.035893
702 -0.031934 0.070872
703 0.033596 -0.094001
704 -0.033052 0.070327
705 0.046409 -0.045073
706 -0.054259 0.022910
707 0.059583 0.005023
708 -0.056634 -0.029702
709 0.045255 0.049837
710 -0.029170 -0.066107
711 0.009367 0.075422
712 0.011707 -0.072163
713 -0.031564 0.060111
714 0.048064 -0.042607
715 -0.057555 0.021039
716 0.059170 0.000539
717 -0.053442 -0.020373
718 0.039615 0.035938
719 -0.020551 -0.045481
720 0.001245 0.049843
721 0.018802 -0.050291
722 -0.038803 0.043945
723 0.052849 -0.031326
724 -0.058585 0.016528
725 0.057400 0.001779
726 -0.050886 -0.021014
727 0.038801 0.036182
728 -0.019946 -0.046692
729 -0.003454 0.049978
730 0.024878 -0.044198
731 -0.038782 0.031856
732 0.048121 -0.015893
733 -0.056762 -0.002268
734 0.059500 0.019735
735 -0.049187 -0.034242
736 0.025146 0.050302
737 0.000139 -0.066304
738 -0.018807 0.074063
739 0.033779 -0.068886
740 -0.045812 0.050985
741 0.057667 -0.027743
742 -0.066084 0.006627
743 0.062009 0.012725
744 -0.048409 -0.033130
745 0.033876 0.050866
746 -0.016292 -0.062517
747 -0.007364 0.067151
748 0.032906 -0.064215
749 -0.056163 0.052396
750 0.073305 -0.029963
751 -0.082144 0.000725
752 0.079589 0.030859
753 -0.066641 -0.061015
754 0.046273 0.082335
755 -0.017620 -0.091285
756 -0.023889 0.094149
757 0.066366 -0.102278
758 -0.082310 0.096950
759 0.088458 -0.059197
760 -0.101621 0.015105
761 0.103991 0.022255
762 -0.093274 -0.056842
763 0.073056 0.084946
764 -0.044110 -0.104890
765 0.008290 0.111627
766 0.029682 -0.104615
767 -0.061083 0.084721
768 0.082767 -0.049556
769 -0.093900 0.008224
770 0.090585 0.030365
771 -0.075663 -0.063788
772 0.054598 0.088378
773 -0.027545 -0.104191
774 -0.001756 0.112845
775 0.032962 -0.113598
776 -0.066513 0.102259
777 0.095773 -0.078461
778 -0.118073 0.045560
779 0.128418 -0.005520
780 -0.123256 -0.038539
781 0.105496 0.080252
782 -0.074679 -0.114344
783 0.032466 0.136929
784 0.015340 -0.144809
785 -0.063638 0.136948
786 0.106894 -0.112618
787 -0.141182 0.073019
788 0.162639 -0.022909
789 -0.168318 -0.030824
790 0.154934 0.081812
791 -0.121401 -0.126766
792 0.073052 0.162241
793 -0.013858 -0.182540
794 -0.050955 0.182066
795 0.112124 -0.158854
796 -0.160175 0.115783
797 0.188262 -0.057629
798 -0.195271 -0.011554
799 0.182116 0.083391
800 -0.150281 -0.144108
801 0.105206 0.184101
802 -0.046940 -0.199748
803 -0.025985 0.197326
804 0.093856 -0.181534
805 -0.145356 0.146781
806 0.184050 -0.092842
807 -0.203621 0.028335
808 0.203380 0.036865
809 -0.184412 -0.098831
810 0.146842 0.153259
811 -0.092990 -0.195772
812 0.025050 0.221979
813 0.049545 -0.226253
814 -0.124227 0.206708
815 0.191499 -0.164134
816 -0.241789 0.100279
817 0.268974 -0.020932
818 -0.269932 -0.066175
819 0.241761 0.151045
820 -0.184794 -0.222219
821 0.104658 0.272640
822 -0.009365 -0.295851
823 -0.091388 0.286361
824 0.184596 -0.244636
825 -0.259633 0.175022
826 0.310436 -0.082726
827 -0.329632 -0.024534
828 0.307100 0.132521
829 -0.245849 -0.228664
830 0.160747 0.302874
831 -0.057495 -0.343833
832 -0.057962 0.346883
833 0.173139 -0.311912
834 -0.276245 0.239660
835 0.352013 -0.135882
836 -0.389206 0.011209
837 0.382587 0.117861
838 -0.331511 -0.237918
839 0.240686 0.337709
840 -0.116975 -0.405744
841 -0.022903 0.433904
842 0.159322 -0.412384
843 -0.282079 0.339847
844 0.378640 -0.228862
845 -0.438883 0.090630
846 0.454347 0.060967
847 -0.418893 -0.209461
848 0.337453 0.339437
849 -0.219179 -0.435554
850 0.074146 0.487157
851 0.083839 -0.487764
852 -0.239387 0.434031
853 0.372516 -0.334142
854 -0.467089 0.199528
855 0.512634 -0.039346
856 -0.502701 -0.132234
857 0.438988 0.295335
858 -0.328746 -0.433227
859 0.178754 0.528577
860 -0.000622 -0.566602
861 -0.183700 0.544029
862 0.350737 -0.463286
863 -0.485191 0.328590
864 0.570867 -0.153303
865 -0.596968 -0.045081
866 0.559124 0.245798
867 -0.457314 -0.427537
868 0.298072 0.570390
869 -0.097537 -0.658345
870 -0.123826 0.677390
871 0.343639 -0.623658
872 -0.538925 0.499303
873 0.684010 -0.315004
874 -0.763552 0.088877
875 0.767435 0.155122
876 -0.692689 -0.393958
877 0.541716 0.601296
878 -0.325799 -0.751440
879 0.063682 0.824232
880 0.215760 -0.811593
881 -0.484748 0.705633
882 0.713927 -0.510111
883 -0.880638 0.242185
884 0.944851 0.063526
885 -0.884952 -0.397163
886 0.717685 0.724719
887 -0.452410 -0.989643
888 0.091248 1.154967
889 0.322980 -1.199701
890 -0.753506 1.095087
891 1.152010 -0.839809
892 -1.469058 0.437012
893 1.647429 0.075061
894 -1.654283 -0.662038
895 1.445785 1.258935
896 -1.019162 -1.820505
897 0.367425 2.257453
898 0.456512 -2.520439
899 -1.423054 2.508119
900 2.428867 -2.186532
901 -3.442266 1.446430
902 4.296673 -0.379812
903 -4.890555 -1.152563
904 4.927759 3.046114
905 -4.480500 -5.706594
906 2.573266 8.597889
907 0.740097 -16.401403
908 3.822255 26.823570
909 -11.378315 -29.184627
910 15.826375 29.446918
911 -21.597068 -25.533025
912 20.092852 16.509170
913 -13.257480 -12.499011
914 8.167146 11.333701
915 -4.112792 -10.406162
916 1.115507 9.390737
917 1.267218 -7.984183
918 -3.013866 6.402329
919 4.194060 -4.659067
920 -4.807542 2.894480
921 4.932308 -1.189844
922 -4.603478 -0.333019
923 3.935814 1.610333
924 -3.008483 -2.568823
925 1.939238 3.184879
926 -0.822636 -3.432634
927 -0.239634 3.340567
928 1.172120 -2.950545
929 -1.898970 2.331095
930 2.380263 -1.554486
931 -2.592177 0.708823
932 2.541128 0.129424
933 -2.250689 -0.880143
934 1.769905 1.482576
935 -1.151671 -1.888577
936 0.466500 2.078902
937 0.216976 -2.050269
938 -0.832156 1.820163
939 1.326106 -1.422769
940 -1.661443 0.906951
941 1.819038 -0.327118
942 -1.789651 -0.254154
943 1.584601 0.779945
944 -1.233412 -1.198926
945 0.780160 1.476773
946 -0.274961 -1.592262
947 -0.228318 1.543373
948 0.682143 -1.345362
949 -1.040276 1.021643
950 1.269800 -0.609373
951 -1.352920 0.160075
952 1.287770 0.282798
953 -1.088802 -0.674553
954 0.784216 0.972738
955 -0.410914 -1.151815
956 0.011716 1.203764
957 0.374045 -1.129287
958 -0.707430 0.939994
959 0.955499 -0.658924
960 -1.098137 0.319876
961 1.124335 0.040811
962 -1.033525 -0.385872
963 0.841780 0.680751
964 -0.572380 -0.897951
965 0.253729 1.017507
966 0.084125 -1.028237
967 -0.410844 0.935289
968 0.691524 -0.752131
969 -0.892777 0.498439
970 0.993663 -0.201719
971 -0.988142 -0.110051
972 0.884300 0.405237
973 -0.694869 -0.651044
974 0.439011 0.822770
975 -0.145853 -0.902561
976 -0.150690 0.883684
977 0.419364 -0.770612
978 -0.635281 0.578399
979 0.777211 -0.331220
980 -0.830270 0.058544
981 0.794228 0.209606
982 -0.677039 -0.444623
983 0.492766 0.623523
984 -0.263664 -0.731550
985 0.015305 0.761570
986 0.225713 -0.712749
987 -0.433539 0.591438
988 0.589541 -0.413130
989 -0.681959 0.202542
990 0.703577 0.018137
991 -0.654660 -0.233108
992 0.543916 0.423204
993 -0.384548 -0.569012
994 0.190540 0.657542
995 0.021932 -0.681054
996 -0.230950 0.637794
997 0.415723 -0.532843
998 -0.557908 0.376422
999 0.642865 -0.179504
1000 -0.663471 -0.035741
1001 0.617082 0.243581
1002 -0.507272 -0.424421
1003 0.345436 0.561607
1004 -0.151706 -0.637065
1005 -0.061615 0.639278
1006 0.275280 -0.582252
1007 -0.449870 0.471720
1008 0.572136 -0.305040
1009 -0.636274 0.103786
1010 0.629388 0.103590
1011 -0.551887 -0.297826
1012 0.415641 0.461997
1013 -0.241194 -0.572006
1014 0.045517 0.615560
1015 0.153125 -0.593623
1016 -0.332068 0.508429
1017 0.472879 -0.370130
1018 -0.561701 0.195962
1019 0.590268 -0.007214
1020 -0.557259 -0.175954
1021 0.468403 0.337396
1022 -0.335583 -0.460251
1023 0.173244 0.531851
1024 0.006104 -0.549782
1025 -0.185715 0.517312
1026 0.342525 -0.437648
1027 -0.458052 0.315881
1028 0.522656 -0.161030
1029 -0.534651 -0.010518
1030 0.494523 0.179251
1031 -0.404918 -0.327737
1032 0.273369 0.439340
1033 -0.111990 -0.502748
1034 -0.060577 0.511427
1035 0.224872 -0.464797
1036 -0.363693 0.368283
1037 0.462035 -0.231441
1038 -0.509196 0.070998
1039 0.501892 0.095050
1040 -0.441505 -0.249020
1041 0.335538 0.373605
1042 -0.198001 -0.456720
1043 0.041669 0.490138
1044 0.117554 -0.471002
1045 -0.260651 0.404348
1046 0.374132 -0.298587
1047 -0.448449 0.163695
1048 0.475752 -0.012073
1049 -0.452125 -0.141323
1050 0.383187 0.277889
1051 -0.277688 -0.384133
1052 0.141975 0.452399
1053 0.010456 -0.472634
1054 -0.161839 0.442032
1055 0.296187 -0.366044
1056 -0.398783 0.251958
1057 0.457888 -0.111279
1058 -0.467831 -0.041843
1059 0.428621 0.191826
1060 -0.342459 -0.320152
1061 0.220321 0.412523
1062 -0.078364 -0.461476
1063 -0.071297 0.461661
1064 0.213433 -0.411512
1065 -0.332256 0.318219
1066 0.416485 -0.194696
1067 -0.456416 0.054634
1068 0.448258 0.088303
1069 -0.395048 -0.222031
1070 0.302944 0.332316
1071 -0.180433 -0.407391
1072 0.039995 0.442915
1073 0.102398 -0.435019
1074 -0.233320 0.382113
1075 0.341761 -0.291154
1076 -0.414640 0.171579
1077 0.442916 -0.032801
1078 -0.424709 -0.110545
1079 0.362871 0.242384
1080 -0.263803 -0.347557
1081 0.134919 0.411880
1082 0.010870 -0.429996
1083 -0.152792 0.403477
1084 0.273017 -0.330497
1085 -0.363446 0.216418
1086 0.420838 -0.079661
1087 -0.436618 -0.059508
1088 0.399352 0.184732
1089 -0.311095 -0.287900
1090 0.188112 0.364054
1091 -0.052047 -0.403045
1092 -0.079822 0.397549
1093 0.199878 -0.347866
1094 -0.300244 0.261067
1095 0.368378 -0.150959
1096 -0.396400 0.028153
1097 0.382640 0.099723
1098 -0.330467 -0.217900
1099 0.245453 0.310588
1100 -0.133616 -0.368286
1101 0.007504 0.388596
1102 0.118492 -0.370898
1103 -0.231147 0.313348
1104 0.317732 -0.222362
1105 -0.370073 0.110382
1106 0.378489 0.009282
1107 -0.339532 -0.131379
1108 0.270157 0.243756
1109 -0.177601 -0.320565
1110 0.062173 0.355410
1111 0.058293 -0.352760
1112 -0.166221 0.313081
1113 0.253416 -0.241308
1114 -0.314394 0.147099
1115 0.342065 -0.041651
1116 -0.333192 -0.066977
1117 0.291015 0.167910
1118 -0.221883 -0.247521
1119 0.134077 0.299628
1120 -0.035454 -0.323718
1121 -0.064779 0.320478
1122 0.157679 -0.287580
1123 -0.237668 0.224758
1124 0.296501 -0.137616
1125 -0.324927 0.036254
1126 0.319617 0.068224
1127 -0.282525 -0.168290
1128 0.214655 0.253316
1129 -0.121151 -0.311951
1130 0.012969 0.336535
1131 0.097554 -0.322925
1132 -0.197304 0.275042
1133 0.276346 -0.198521
1134 -0.327547 0.099948
1135 0.343722 0.010201
1136 -0.319355 -0.115500
1137 0.253952 0.203593
1138 -0.162835 -0.275853
1139 0.065190 0.319469
1140 0.038475 -0.323281
1141 -0.142335 0.293810
1142 0.230866 -0.233474
1143 -0.294723 0.147028
1144 0.328002 -0.043805
1145 -0.327951 -0.064118
1146 0.292871 0.162347
1147 -0.222175 -0.242494
1148 0.124122 0.300073
1149 -0.014808 -0.327802
1150 -0.091906 0.320005
1151 0.186889 -0.275056
1152 -0.262920 0.197018
1153 0.310819 -0.096556
1154 -0.322363 -0.012287
1155 0.296071 0.116500
1156 -0.238247 -0.205305
1157 0.157663 0.268550
1158 -0.062304 -0.300915
1159 -0.036966 0.300750
1160 0.128028 -0.268508
1161 -0.202755 0.209620
1162 0.255002 -0.133555
1163 -0.280493 0.047361
1164 0.278875 0.042443
1165 -0.251301 -0.124164
1166 0.200299 0.190559
1167 -0.131208 -0.239521
1168 0.051430 0.265712
1169 0.033874 -0.265356
1170 -0.118019 0.239406
1171 0.190704 -0.190166
1172 -0.245076 0.122508
1173 0.275310 -0.042562
1174 -0.277532 -0.043843
1175 0.251484 0.127835
1176 -0.199463 -0.200588
1177 0.127416 0.254726
1178 -0.040921 -0.280859
1179 -0.051247 0.276530
1180 0.138601 -0.246319
1181 -0.211465 0.191182
1182 0.260985 -0.114024
1183 -0.283147 0.024918
1184 0.275108 0.065183
1185 -0.237530 -0.147102
1186 0.175844 0.213346
1187 -0.096072 -0.257938
1188 0.006153 0.274250
1189 0.084004 -0.260902
1190 -0.164651 0.220990
1191 0.226993 -0.157442
1192 -0.264720 0.077468
1193 0.274875 0.011622
1194 -0.256867 -0.101474
1195 0.212061 0.180664
1196 -0.144190 -0.242223
1197 0.059185 0.278818
1198 0.033964 -0.284418
1199 -0.123698 0.259391
1200 0.199949 -0.205986
1201 -0.255057 0.129569
1202 0.282099 -0.040427
1203 -0.278378 -0.051631
1204 0.245807 0.139282
1205 -0.187892 -0.211278
1206 0.109326 0.257135
1207 -0.019667 -0.273449
1208 -0.073335 0.258146
1209 0.164869 -0.218070
1210 -0.234617 0.161300
1211 0.271847 -0.083886
1212 -0.283980 -0.005520
1213 0.269640 0.092181
1214 -0.228581 -0.170794
1215 0.163869 0.232676
1216 -0.080991 -0.270054
1217 -0.007991 0.280261
1218 0.094355 -0.261390
1219 -0.170876 0.215587
1220 0.229555 -0.149760
1221 -0.266032 0.069937
1222 0.274755 0.017264
1223 -0.253046 -0.103363
1224 0.205804 0.178738
1225 -0.138434 -0.235827
1226 0.055524 0.270507
1227 0.034809 -0.278575
1228 -0.123430 0.256307
1229 0.198967 -0.205840
1230 -0.253128 0.134089
1231 0.283156 -0.046753
1232 -0.284563 -0.048011
1233 0.255807 0.138704
1234 -0.198867 -0.215810
1235 0.118683 0.272511
1236 -0.023795 -0.300188
1237 -0.074452 0.293942
1238 0.164836 -0.256119
1239 -0.238934 0.189568
1240 0.288013 -0.100503
1241 -0.304634 -0.001137
1242 0.286075 0.102671
1243 -0.234070 -0.190472
1244 0.155227 0.255665
1245 -0.061718 -0.291713
1246 -0.035736 0.294462
1247 0.129553 -0.265249
1248 -0.208360 0.209158
1249 0.260708 -0.133465
1250 -0.283402 0.046191
1251 0.277046 0.043885
1252 -0.243754 -0.126492
1253 0.188429 0.193341
1254 -0.116768 -0.238052
1255 0.038055 0.255285
1256 0.039858 -0.247227
1257 -0.112819 0.217435
1258 0.175146 -0.167058
1259 -0.221586 0.101592
1260 0.244296 -0.028173
1261 -0.240832 -0.048872
1262 0.213216 0.121573
1263 -0.159829 -0.190922
1264 0.101315 0.251676
1265 -0.040797 -0.274854
1266 -0.042010 0.265823
1267 0.129791 -0.242304
1268 -0.203136 0.196390
1269 0.257066 -0.126367
1270 -0.286442 0.038366
1271 0.288698 0.058457
1272 -0.260224 -0.153173
1273 0.201479 0.234848
1274 -0.117393 -0.294844
1275 0.016151 0.326280
1276 0.090089 -0.321857
1277 -0.190046 0.280032
1278 0.273525 -0.206755
1279 -0.327467 0.109117
1280 0.345387 0.003993
1281 -0.326372 -0.119225
1282 0.269079 0.222614
1283 -0.178097 -0.302652
1284 0.063056 0.349322
1285 0.062087 -0.355398
1286 -0.182821 0.318258
1287 0.285578 -0.242632
1288 -0.356369 0.137399
1289 0.387103 -0.013559
1290 -0.375898 -0.114840
1291 0.321745 0.232969
1292 -0.230227 -0.325904
1293 0.112740 0.384418
1294 0.018556 -0.401346
1295 -0.148856 0.371561
1296 0.263014 -0.301289
1297 -0.348956 0.199417
1298 0.397082 -0.075158
1299 -0.401894 -0.057486
1300 0.363376 0.183076
1301 -0.286894 -0.290376
1302 0.181039 0.369164
1303 -0.056290 -0.407142
1304 -0.074820 0.399800
1305 0.198377 -0.350409
1306 -0.301244 0.263540
1307 0.371447 -0.145969
1308 -0.401263 0.012461
1309 0.387811 0.121507
1310 -0.333014 -0.239736
1311 0.230945 0.331621
1312 -0.097141 -0.400718
1313 -0.035508 0.427439
1314 0.163970 -0.396846
1315 -0.282983 0.322115
1316 0.372958 -0.212799
1317 -0.423242 0.078192
1318 0.428729 0.067670
1319 -0.387124 -0.209412
1320 0.300920 0.332050
1321 -0.182096 -0.421706
1322 0.042176 0.468716
1323 0.107120 -0.469339
1324 -0.249671 0.423270
1325 0.369171 -0.334240
1326 -0.454252 0.210860
1327 0.494309 -0.066290
1328 -0.486047 -0.087551
1329 0.429443 0.234497
1330 -0.327330 -0.358611
1331 0.188668 0.447702
1332 -0.027220 -0.490022
1333 -0.144415 0.477573
1334 0.306877 -0.408368
1335 -0.442949 0.286607
1336 0.535619 -0.124923
1337 -0.571003 -0.065289
1338 0.541246 0.266302
1339 -0.446667 -0.452869
1340 0.290035 0.603392
1341 -0.088016 -0.701981
1342 -0.143501 0.730034
1343 0.380400 -0.680899
1344 -0.597423 0.556149
1345 0.765098 -0.362644
1346 -0.864366 0.113344
1347 0.874658 0.165965
1348 -0.793253 -0.450050
1349 0.611888 0.705093
1350 -0.347883 -0.902903
1351 0.013414 1.009776
1352 0.351400 -1.003602
1353 -0.731290 0.865418
1354 1.063348 -0.604055
1355 -1.319543 0.223814
1356 1.397003 0.251074
1357 -1.314285 -0.831031
1358 0.955590 1.435335
1359 -0.509806 -1.990005
1360 -0.466507 1.932929
1361 2.240166 -1.200932
1362 -8.299541 -1.340331
1363 22.042065 -5.485875
1364 -22.335478 27.514430
1365 1.667670 -36.427693
1366 11.407347 24.355888
1367 -9.712133 -13.224002
1368 5.568783 8.886190
1369 -2.975459 -6.872668
1370 1.230746 5.205433
1371 0.199447 -3.922138
1372 -1.065215 2.957436
1373 1.510072 -2.044785
1374 -1.684989 1.198967
1375 1.677956 -0.466650
1376 -1.515236 -0.117975
1377 1.244100 0.557457
1378 -0.903143 -0.859902
1379 0.550899 1.029766
1380 -0.209185 -1.070392
1381 -0.093461 1.005079
1382 0.340279 -0.857272
1383 -0.513297 0.655441
1384 0.614468 -0.423423
1385 -0.642388 0.187154
1386 0.604273 0.033049
1387 -0.507962 -0.220991
1388 0.369310 0.365644
1389 -0.204800 -0.459521
1390 0.039145 0.496927
1391 0.121104 -0.467691
1392 -0.271761 0.394344
1393 0.383590 -0.298852
1394 -0.442044 0.178657
1395 0.457439 -0.045167
1396 -0.431021 -0.078982
1397 0.368213 0.179867
1398 -0.279620 -0.251277
1399 0.176405 0.287967
1400 -0.069302 -0.288061
1401 -0.026221 0.255265
1402 0.101388 -0.194403
1403 -0.151780 0.117274
1404 0.172061 -0.035508
1405 -0.162362 -0.043009
1406 0.130248 0.109728
1407 -0.080992 -0.157185
1408 0.021441 0.182477
1409 0.039383 -0.185681
1410 -0.093457 0.169936
1411 0.136834 -0.138701
1412 -0.166015 0.095089
1413 0.178742 -0.045920
1414 -0.173193 -0.001005
1415 0.152924 0.044045
1416 -0.123340 -0.079571
1417 0.086766 0.103023
1418 -0.048712 -0.114850
1419 0.013068 0.116041
1420 0.020880 -0.107662
1421 -0.049788 0.092951
1422 0.070341 -0.075139
1423 -0.082436 0.055656
1424 0.088663 -0.034839
1425 -0.089371 0.014087
1426 0.082733 0.003666
1427 -0.070251 -0.016023
1428 0.055064 0.023730
1429 -0.038715 -0.027908
1430 0.022076 0.028024
1431 -0.005716 -0.023203
1432 -0.006867 0.014727
1433 0.014005 -0.004586
1434 -0.018375 -0.006055
1435 0.020218 0.016032
1436 -0.017884 -0.023212
1437 0.012187 0.026585
1438 -0.005298 -0.025364
1439 -0.000228 0.020350
1440 0.003548 -0.014112
1441 -0.004586 0.007933
1442 0.004124 -0.001679
1443 -0.003794 -0.004434
1444 0.002964 0.007652
1445 0.000553 -0.007759
1446 -0.005297 0.006380
1447 0.006075 -0.002182
1448 -0.002134 -0.003855
1449 -0.002350 0.007967
1450 0.008124 -0.009352
1451 -0.016177 0.008228
1452 0.022980 -0.004043
1453 -0.027112 -0.002662
1454 0.028471 0.010157
1455 -0.025759 -0.017732
1456 0.019831 0.026474
1457 -0.011657 -0.033828
1458 0.001432 0.037578
1459 0.010874 -0.037538
1460 -0.024681 0.033025
1461 0.037023 -0.023740
1462 -0.045533 0.010106
1463 0.050596 0.005632
1464 -0.050527 -0.022421
1465 0.044343 0.037872
1466 -0.033101 -0.049924
1467 0.017138 0.058887
1468 0.000808 -0.061646
1469 -0.018885 0.057807
1470 0.035893 -0.050147
1471 -0.050719 0.035952
1472 0.061680 -0.014977
1473 -0.066146 -0.007739
1474 0.063556 0.030319
1475 -0.052579 -0.050676
1476 0.033983 0.066378
1477 -0.012892 -0.076032
1478 -0.008317 0.077702
1479 0.031889 -0.071711
1480 -0.055612 0.059693
1481 0.073450 -0.041748
1482 -0.083808 0.018830
1483 0.086768 0.006739
1484 -0.081448 -0.031851
1485 0.068686 0.055247
1486 -0.049247 -0.075007
1487 0.024796 0.086470
1488 0.001305 -0.089974
1489 -0.027033 0.085954
1490 0.051794 -0.073521
1491 -0.072264 0.054231
1492 0.085449 -0.028238
1493 -0.090687 -0.001703
1494 0.087214 0.030925
1495 -0.074641 -0.057209
1496 0.053221 0.078427
1497 -0.025161 -0.092784
1498 -0.006045 0.097837
1499 0.037022 -0.091809
1500 -0.064743 0.075326
1501 0.086530 -0.049308
1502 -0.099429 0.016057
1503 0.101186 0.019305
1504 -0.090607 -0.052410
1505 0.068547 0.081521
1506 -0.039058 -0.101793
1507 0.004883 0.109967
1508 0.030580 -0.107613
1509 -0.062302 0.094301
1510 0.086482 -0.069181
1511 -0.100102 0.036609
1512 0.105062 -0.001027
1513 -0.101093 -0.034684
1514 0.085329 0.065071
1515 -0.059744 -0.088423
1516 0.030339 0.104111
1517 0.001087 -0.102965
1518 -0.039907 0.089197
1519 0.075601 -0.073776
1520 -0.097531 0.049677
1521 0.110409 -0.016712
1522 -0.112268 -0.018450
1523 0.101503 0.053065
1524 -0.080882 -0.082669
1525 0.052365 0.103923
1526 -0.018031 -0.115560
1527 -0.019553 0.116543
1528 0.054924 -0.105490
1529 -0.084731 0.083448
1530 0.108149 -0.052676
1531 -0.121229 0.015978
1532 0.121437 0.022709
1533 -0.110276 -0.059873
1534 0.087883 0.092502
1535 -0.055544 -0.117354
1536 0.017020 0.130632
1537 0.025946 -0.130011
1538 -0.068123 0.115185
1539 0.102870 -0.086932
1540 -0.127693 0.048379
1541 0.140061 -0.004128
1542 -0.137925 -0.041514
1543 0.120521 0.084610
1544 -0.087743 -0.119645
1545 0.044010 0.142096
1546 0.004141 -0.149995
1547 -0.051904 0.141575
1548 0.095246 -0.118455
1549 -0.130041 0.084352
1550 0.151034 -0.040526
1551 -0.156124 -0.009749
1552 0.144846 0.059813
1553 -0.115554 -0.103691
1554 0.073095 0.136139
1555 -0.023683 -0.152045
1556 -0.029244 0.151230
1557 0.078920 -0.135435
1558 -0.120310 0.103441
1559 0.150151 -0.057987
1560 -0.162984 0.006544
1561 0.156132 0.044714
1562 -0.132935 -0.092949
1563 0.096977 0.132695
1564 -0.049267 -0.157114
1565 -0.005174 0.164321
1566 0.057990 -0.154545
1567 -0.103751 0.128621
1568 0.137800 -0.088358
1569 -0.156485 0.039108
1570 0.159356 0.012578
1571 -0.145607 -0.062344
1572 0.116445 0.105918
1573 -0.076169 -0.138609
1574 0.028539 0.155829
1575 0.021963 -0.154449
1576 -0.069115 0.135954
1577 0.107966 -0.105099
1578 -0.135335 0.065396
1579 0.147784 -0.018675
1580 -0.143562 -0.029683
1581 0.124475 0.073496
1582 -0.093858 -0.109506
1583 0.054169 0.133692
1584 -0.007609 -0.144680
1585 -0.040858 0.141466
1586 0.084478 -0.122140
1587 -0.119271 0.090222
1588 0.143739 -0.050254
1589 -0.154237 0.004410
1590 0.148065 0.044165
1591 -0.127284 -0.090205
1592 0.094211 0.126547
1593 -0.050973 -0.148608
1594 0.000247 0.156181
1595 0.052464 -0.149774
1596 -0.099495 0.127760
1597 0.136476 -0.089686
1598 -0.159268 0.041826
1599 0.165459 0.010028
1600 -0.155406 -0.062124
1601 0.129605 0.108580
1602 -0.089562 -0.145342
1603 0.038361 0.167605
1604 0.018093 -0.170950
1605 -0.073064 0.155635
1606 0.119838 -0.123219
1607 -0.154139 0.077340
1608 0.173071 -0.022609
1609 -0.171867 -0.035748
1610 0.150597 0.090191
1611 -0.114113 -0.134553
1612 0.065363 0.163496
1613 -0.008716 -0.174350
1614 -0.048557 0.166758
1615 0.100150 -0.141330
1616 -0.141162 0.101458
1617 0.166504 -0.051023
1618 -0.172587 -0.004804
1619 0.161059 0.060196
1620 -0.134592 -0.109908
1621 0.094129 0.148265
1622 -0.042949 -0.169897
1623 -0.013837 0.173238
1624 0.069658 -0.160020
1625 -0.116549 0.131008
1626 0.150892 -0.088317
1627 -0.170783 0.036071
1628 0.173619 0.020133
1629 -0.158023 -0.073166
1630 0.124995 0.120237
1631 -0.079663 -0.156220
1632 0.025036 0.174029
1633 0.033728 -0.174646
1634 -0.088173 0.157552
1635 0.134685 -0.121922
1636 -0.167866 0.074648
1637 0.183219 -0.019962
1638 -0.181150 -0.040235
1639 0.158786 0.097915
1640 -0.117755 -0.145185
1641 0.066203 0.176786
1642 -0.008246 -0.188212
1643 -0.052326 0.179896
1644 0.107332 -0.151595
1645 -0.153599 0.103236
1646 0.185373 -0.047321
1647 -0.193346 -0.008757
1648 0.179533 0.066995
1649 -0.148020 -0.120895
1650 0.101417 0.161816
1651 -0.044740 -0.185133
1652 -0.016413 0.188797
1653 0.075498 -0.172625
1654 -0.125850 0.139612
1655 0.163213 -0.092734
1656 -0.183907 0.036136
1657 0.185343 0.024025
1658 -0.168529 -0.082087
1659 0.133556 0.131143
1660 -0.084022 -0.166283
1661 0.026736 0.184201
1662 0.033982 -0.182897
1663 -0.091876 0.163889
1664 0.141804 -0.127247
1665 -0.178705 0.074012
1666 0.196842 -0.011185
1667 -0.193536 -0.053106
1668 0.168909 0.112410
1669 -0.127473 -0.161000
1670 0.072163 0.193812
1671 -0.006188 -0.207467
1672 -0.061601 0.199815
1673 0.122319 -0.169834
1674 -0.169867 0.120896
1675 0.199131 -0.057810
1676 -0.207428 -0.012649
1677 0.192248 0.080655
1678 -0.154570 -0.140350
1679 0.100391 0.184511
1680 -0.034117 -0.207384
1681 -0.036875 0.209306
1682 0.102115 -0.188825
1683 -0.156530 0.147323
1684 0.196770 -0.090864
1685 -0.215532 0.025783
1686 0.210382 0.042647
1687 -0.185043 -0.107390
1688 0.140543 0.160809
1689 -0.079858 -0.199335
1690 0.011653 0.218491
1691 0.057313 -0.213544
1692 -0.122270 0.186025
1693 0.174986 -0.139900
1694 -0.209952 0.078267
1695 0.225637 -0.007670
1696 -0.217680 -0.063695
1697 0.186460 0.129964
1698 -0.136773 -0.184256
1699 0.071262 0.219944
1700 0.003853 -0.233424
1701 -0.079966 0.222482
1702 0.148853 -0.186611
1703 -0.201892 0.129576
1704 0.233758 -0.057949
1705 -0.242690 -0.020525
1706 0.226326 0.097954
1707 -0.184610 -0.165841
1708 0.122113 0.215831
1709 -0.045372 -0.243205
1710 -0.036888 0.244847
1711 0.114471 -0.220552
1712 -0.179777 0.173503
1713 0.225567 -0.107721
1714 -0.247352 0.029401
1715 0.243593 0.051782
1716 -0.214257 -0.126060
1717 0.162341 0.187241
1718 -0.093063 -0.227996
1719 0.013970 0.244606
1720 0.067338 -0.236407
1721 -0.140843 0.203010
1722 0.198963 -0.148037
1723 -0.238695 0.077526
1724 0.253050 0.001362
1725 -0.239446 -0.081431
1726 0.202336 0.153507
1727 -0.143923 -0.209011
1728 0.069246 0.243680
1729 0.012769 -0.254531
1730 -0.094053 0.238468
1731 0.166907 -0.196550
1732 -0.223779 0.134695
1733 0.257297 -0.057373
1734 -0.264418 -0.027751
1735 0.245841 0.109745
1736 -0.202163 -0.181199
1737 0.135781 0.237179
1738 -0.054471 -0.270496
1739 -0.033559 0.274704
1740 0.118536 -0.250512
1741 -0.190836 0.201324
1742 0.245310 -0.130057
1743 -0.275722 0.043946
1744 0.276211 0.048659
1745 -0.246180 -0.139029
1746 0.189126 0.216463
1747 -0.111622 -0.272637
1748 0.019927 0.301177
1749 0.077505 -0.297940
1750 -0.170315 0.263984
1751 0.249012 -0.200635
1752 -0.305465 0.111605
1753 0.332850 -0.007357
1754 -0.325762 -0.099916
1755 0.281908 0.200948
1756 -0.205117 -0.285160
1757 0.104058 0.342449
1758 0.011353 -0.364972
1759 -0.130123 0.348433
1760 0.237098 -0.294215
1761 -0.319894 0.208672
1762 0.371965 -0.098461
1763 -0.387720 -0.026153
1764 0.361974 0.150329
1765 -0.294314 -0.261941
1766 0.191724 0.348876
1767 -0.065998 -0.399485
1768 -0.071282 0.407691
1769 0.204287 -0.369171
1770 -0.316410 0.288338
1771 0.397017 -0.170670
1772 -0.443584 0.030184
1773 0.443075 0.110238
1774 -0.384983 -0.242352
1775 0.281169 0.356563
1776 -0.145298 -0.433863
1777 -0.012637 0.463149
1778 0.175320 -0.438931
1779 -0.323941 0.363628
1780 0.440940 -0.242726
1781 -0.514663 0.087700
1782 0.535497 0.086035
1783 -0.498485 -0.260226
1784 0.403989 0.415755
1785 -0.260859 -0.534126
1786 0.083716 0.603078
1787 0.110185 -0.613019
1788 -0.304072 0.559750
1789 0.475224 -0.442921
1790 -0.603147 0.273955
1791 0.669349 -0.069037
1792 -0.666672 -0.152209
1793 0.591945 0.369766
1794 -0.449057 -0.556762
1795 0.245733 0.691872
1796 -0.002549 -0.755170
1797 -0.260138 0.739039
1798 0.512579 -0.635421
1799 -0.727357 0.450953
1800 0.874838 -0.194279
1801 -0.938142 -0.109496
1802 0.896932 0.433432
1803 -0.748710 -0.734562
1804 0.488184 0.986884
1805 -0.143085 -1.148253
1806 -0.269023 1.194763
1807 0.703180 -1.089773
1808 -1.126105 0.846944
1809 1.463416 -0.433500
1810 -1.699400 -0.098992
1811 1.733357 0.768745
1812 -1.584075 -1.487957
1813 1.176006 2.265826
1814 -0.485532 -2.662029
1815 -1.248451 3.115611
1816 3.489017 -3.133388
1817 -10.598388 4.717003
1818 13.766495 -17.770908
1819 0.743001 24.134205
1820 -7.443214 -11.106719
1821 -0.965411 5.257604
1822 3.726644 -7.825185
1823 -3.035396 7.083688
1824 3.310429 -5.393502
1825 -3.704337 3.723229
1826 4.070511 -2.367225
1827 -4.074209 1.196331
1828 3.824203 -0.192714
1829 -3.312637 -0.676566
1830 2.679777 1.375936
1831 -1.957650 -1.859564
1832 1.197088 2.109988
1833 -0.441127 -2.157512
1834 -0.245865 2.017838
1835 0.827322 -1.734983
1836 -1.259066 1.338106
1837 1.531405 -0.869697
1838 -1.635994 0.373925
1839 1.587135 0.099255
1840 -1.404254 -0.514640
1841 1.120711 0.837536
1842 -0.766231 -1.049643
1843 0.379963 1.142629
1844 0.001180 -1.120643
1845 -0.339135 0.990945
1846 0.608404 -0.774619
1847 -0.789175 0.497657
1848 0.874670 -0.191793
1849 -0.864086 -0.112344
1850 0.766894 0.383735
1851 -0.595641 -0.600153
1852 0.372448 0.746192
1853 -0.124492 -0.813993
1854 -0.120399 0.800207
1855 0.341075 -0.711917
1856 -0.517790 0.563285
1857 0.635223 -0.372691
1858 -0.684404 0.160854
1859 0.665619 0.049683
1860 -0.584795 -0.239165
1861 0.452269 0.388068
1862 -0.283144 -0.484043
1863 0.098879 0.522786
1864 0.083205 -0.502678
1865 -0.245267 0.426278
1866 0.371386 -0.305975
1867 -0.450577 0.158341
1868 0.476798 0.001369
1869 -0.450481 -0.159378
1870 0.376520 0.295784
1871 -0.264112 -0.395652
1872 0.127692 0.453386
1873 0.018498 -0.464347
1874 -0.159312 0.426143
1875 0.279284 -0.343533
1876 -0.367539 0.228997
1877 0.418830 -0.096550
1878 -0.426634 -0.043240
1879 0.389866 0.177930
1880 -0.314501 -0.292944
1881 0.210867 0.375275
1882 -0.090819 -0.419122
1883 -0.035129 0.422298
1884 0.153919 -0.385096
1885 -0.251649 0.312584
1886 0.321108 -0.213927
1887 -0.357709 0.098985
1888 0.357027 0.021346
1889 -0.319334 -0.132007
1890 0.250023 0.222008
1891 -0.156912 -0.286053
1892 0.050815 0.317784
1893 0.055815 -0.314750
1894 -0.152624 0.278355
1895 0.231635 -0.213626
1896 -0.283767 0.128713
1897 0.304440 -0.032431
1898 -0.293679 -0.063033
1899 0.250640 0.146705
1900 -0.180849 -0.216003
1901 0.096751 0.262744
1902 -0.005636 -0.277228
1903 -0.084553 0.262033
1904 0.162846 -0.220693
1905 -0.221562 0.155984
1906 0.256358 -0.075323
1907 -0.263507 -0.011060
1908 0.243862 0.092098
1909 -0.202532 -0.161859
1910 0.142156 0.215355
1911 -0.067772 -0.244734
1912 -0.011439 0.247487
1913 0.087653 -0.225616
1914 -0.153477 0.181075
1915 0.201464 -0.120053
1916 -0.226557 0.050296
1917 0.227944 0.022505
1918 -0.206652 -0.092021
1919 0.165269 0.150505
1920 -0.108388 -0.191329
1921 0.041828 0.211664
1922 0.026911 -0.209894
1923 -0.091105 0.185870
1924 0.143538 -0.145446
1925 -0.178829 0.092558
1926 0.195325 -0.029415
1927 -0.191097 -0.035415
1928 0.168012 0.093958
1929 -0.129737 -0.142481
1930 0.078796 0.175438
1931 -0.019329 -0.188446
1932 -0.042664 0.179857
1933 0.103381 -0.153954
1934 -0.149898 0.121398
1935 0.169979 -0.077341
1936 -0.175416 0.019236
1937 0.170477 0.037482
1938 -0.146741 -0.085868
1939 0.107206 0.124447
1940 -0.058511 -0.149376
1941 0.007219 0.157045
1942 0.041735 -0.147438
1943 -0.085827 0.122715
1944 0.120220 -0.084598
1945 -0.140389 0.037895
1946 0.143805 0.010662
1947 -0.130353 -0.056081
1948 0.103329 0.094072
1949 -0.065068 -0.120227
1950 0.020513 0.132616
1951 0.023965 -0.131042
1952 -0.063945 0.115509
1953 0.094992 -0.086692
1954 -0.113825 0.046459
1955 0.119476 -0.002200
1956 -0.113010 -0.038326
1957 0.093681 0.073364
1958 -0.064173 -0.100105
1959 0.031522 0.116375
1960 0.001742 -0.122022
1961 -0.034710 0.115707
1962 0.063932 -0.098290
1963 -0.087428 0.072500
1964 0.103762 -0.040696
1965 -0.109169 0.005625
1966 0.102546 0.029247
1967 -0.085584 -0.060498
1968 0.060184 0.084785
1969 -0.029270 -0.099055
1970 -0.004825 0.102738
1971 0.037891 -0.097168
1972 -0.064685 0.081589
1973 0.085449 -0.058126
1974 -0.099385 0.030052
1975 0.103570 0.001593
1976 -0.097388 -0.032751
1977 0.081488 0.060574
1978 -0.058251 -0.081796
1979 0.028756 0.093145
1980 0.004594 -0.095407
1981 -0.036075 0.089177
1982 0.062720 -0.073714
1983 -0.082784 0.049710
1984 0.094374 -0.021167
1985 -0.095836 -0.008246
1986 0.087344 0.035927
1987 -0.070795 -0.060029
1988 0.046993 0.078469
1989 -0.018147 -0.088295
1990 -0.013707 0.088882
1991 0.043370 -0.080693
1992 -0.065922 0.063957
1993 0.082079 -0.039362
1994 -0.090348 0.009540
1995 0.089355 0.020863
1996 -0.079170 -0.047581
1997 0.059212 0.068036
1998 -0.032461 -0.082201
1999 0.002960 0.088186
2000 0.026109 -0.083096
2001 -0.050456 0.067562
2002 0.068280 -0.045769
2003 -0.079198 0.021764
2004 0.081273 0.004411
2005 -0.073348 -0.030686
2006 0.057879 0.052234
2007 -0.037988 -0.067457
2008 0.014239 0.074647
2009 0.011771 -0.073039
2010 -0.035634 0.064523
2011 0.052977 -0.048946
2012 -0.064072 0.026894
2013 0.070339 -0.002348
2014 -0.068519 -0.020985
2015 0.058209 0.040979
2016 -0.043083 -0.054962
2017 0.024235 0.062317
2018 -0.002780 -0.063585
2019 -0.017734 0.058783
2020 0.035407 -0.047938
2021 -0.047257 0.032294
2022 0.051776 -0.014932
2023 -0.051848 -0.003412
2024 0.046875 0.021916
2025 -0.035787 -0.037162
2026 0.020474 0.046178
2027 -0.003790 -0.049302
2028 -0.011011 0.046665
2029 0.023117 -0.038919
2030 -0.032655 0.028501
2031 0.037235 -0.015486
2032 -0.036856 0.001210
2033 0.032817 0.012183
2034 -0.024620 -0.023484
2035 0.014244 0.030472
2036 -0.003059 -0.032717
2037 -0.008268 0.031193
2038 0.017607 -0.025798
2039 -0.024433 0.017960
2040 0.027545 -0.009666
2041 -0.025943 0.000053
2042 0.021061 0.009534
2043 -0.013882 -0.016252
2044 0.006370 0.018400
2045 0.001741 -0.015638
2046 -0.011260 0.011156
2047 0.016647 -0.005976
2048 -0.017214 0.000000
2049 0.016647 0.005976
2050 -0.011260 -0.011156
2051 0.001741 0.015638
2052 0.006370 -0.018400
2053 -0.013882 0.016252
2054 0.021061 -0.009534
2055 -0.025943 -0.000053
2056 0.027545 0.009666
2057 -0.024433 -0.017960
2058 0.017607 0.025798
2059 -0.008268 -0.031193
2060 -0.003059 0.032717
2061 0.014244 -0.030472
2062 -0.024620 0.023484
2063 0.032817 -0.012183
2064 -0.036856 -0.001210
2065 0.037235 0.015486
2066 -0.032655 -0.028501
2067 0.023117 0.038919
2068 -0.011011 -0.046665
2069 -0.003790 0.049302
2070 0.020474 -0.046178
2071 -0.035787 0.037162
2072 0.046875 -0.021916
2073 -0.051848 0.003412
2074 0.051776 0.014932
2075 -0.047257 -0.032294
2076 0.035407 0.047938
2077 -0.017734 -0.058783
2078 -0.002780 0.063585
2079 0.024235 -0.062317
2080 -0.043083 0.054962
2081 0.058209 -0.040979
2082 -0.068519 0.020985
2083 0.070339 0.002348
2084 -0.064072 -0.026894
2085 0.052977 0.048946
2086 -0.035634 -0.064523
2087 0.011771 0.073039
2088 0.014239 -0.074647
2089 -0.037988 0.067457
2090 0.057879 -0.052234
2091 -0.073348 0.030686
2092 0.081273 -0.004411
2093 -0.079198 -0.021764
2094 0.068280 0.045769
2095 -0.050456 -0.067562
2096 0.026109 0.083096
2097 0.002960 -0.088186
2098 -0.032461 0.082201
2099 0.059212 -0.068036
2100 -0.079170 0.047581
2101 0.089355 -0.020863
2102 -0.090348 -0.009540
2103 0.082079 0.039362
2104 -0.065922 -0.063957
2105 0.043370 0.080693
2106 -0.013707 -0.088882
2107 -0.018147 0.088295
2108 0.046993 -0.078469
2109 -0.070795 0.060029
2110 0.087344 -0.035927
2111 -0.095836 0.008246
2112 0.094374 0.021167
2113 -0.082784 -0.049710
2114 0.062720 0.073714
2115 -0.036075 -0.089177
2116 0.004594 0.095407
2117 0.028756 -0.093145
2118 -0.058251 0.081796
2119 0.081488 -0.060574
2120 -0.097388 0.032751
2121 0.103570 -0.001593
2122 -0.099385 -0.030052
2123 0.085449 0.058126
2124 -0.064685 -0.081589
2125 0.037891 0.097168
2126 -0.004825 -0.102738
2127 -0.029270 0.099055
2128 0.060184 -0.084785
2129 -0.085584 0.060498
2130 0.102546 -0.029247
2131 -0.109169 -0.005625
2132 0.103762 0.040696
2133 -0.087428 -0.072500
2134 0.063932 0.098290
2135 -0.034710 -0.115707
2136 0.001742 0.122022
2137 0.031522 -0.116375
2138 -0.064173 0.100105
2139 0.093681 -0.073364
2140 -0.113010 0.038326
2141 0.119476 0.002200
2142 -0.113825 -0.046459
2143 0.094992 0.086692
2144 -0.063945 -0.115509
2145 0.023965 0.131042
2146 0.020513 -0.132616
2147 -0.065068 0.120227
2148 0.103329 -0.094072
2149 -0.130353 0.056081
2150 0.143805 -0.010662
2151 -0.140389 -0.037895
2152 0.120220 0.084598
2153 -0.085827 -0.122715
2154 0.041735 0.147438
2155 0.007219 -0.157045
2156 -0.058511 0.149376
2157 0.107206 -0.124447
2158 -0.146741 0.085868
2159 0.170477 -0.037482
2160 -0.175416 -0.019236
2161 0.169979 0.077341
2162 -0.149898 -0.121398
2163 0.103381 0.153954
2164 -0.042664 -0.179857
2165 -0.019329 0.188446
2166 0.078796 -0.175438
2167 -0.129737 0.142481
2168 0.168012 -0.093958
2169 -0.191097 0.035415
2170 0.195325 0.029415
2171 -0.178829 -0.092558
2172 0.143538 0.145446
2173 -0.091105 -0.185870
2174 0.026911 0.209894
2175 0.041828 -0.211664
2176 -0.108388 0.191329
2177 0.165269 -0.150505
2178 -0.206652 0.092021
2179 0.227944 -0.022505
2180 -0.226557 -0.050296
2181 0.201464 0.120053
2182 -0.153477 -0.181075
2183 0.087653 0.225616
2184 -0.011439 -0.247487
2185 -0.067772 0.244734
2186 0.142156 -0.215355
2187 -0.202532 0.161859
2188 0.243862 -0.092098
2189 -0.263507 0.011060
2190 0.256358 0.075323
2191 -0.221562 -0.155984
2192 0.162846 0.220693
2193 -0.084553 -0.262033
2194 -0.005636 0.277228
2195 0.096751 -0.262744
2196 -0.180849 0.216003
2197 0.250640 -0.146705
2198 -0.293679 0.063033
2199 0.304440 0.032431
2200 -0.283767 -0.128713
2201 0.231635 0.213626
2202 -0.152624 -0.278355
2203 0.055815 0.314750
2204 0.050815 -0.317784
2205 -0.156912 0.286053
2206 0.250023 -0.222008
2207 -0.319334 0.132007
2208 0.357027 -0.021346
2209 -0.357709 -0.098985
2210 0.321108 0.213927
2211 -0.251649 -0.312584
2212 0.153919 0.385096
2213 -0.035129 -0.422298
2214 -0.090819 0.419122
2215 0.210867 -0.375275
2216 -0.314501 0.292944
2217 0.389866 -0.177930
2218 -0.426634 0.043240
2219 0.418830 0.096550
2220 -0.367539 -0.228997
2221 0.279284 0.343533
2222 -0.159312 -0.426143
2223 0.018498 0.464347
2224 0.127692 -0.453386
2225 -0.264112 0.395652
2226 0.376520 -0.295784
2227 -0.450481 0.159378
2228 0.476798 -0.001369
2229 -0.450577 -0.158341
2230 0.371386 0.305975
2231 -0.245267 -0.426278
2232 0.083205 0.502678
2233 0.098879 -0.522786
2234 -0.283144 0.484043
2235 0.452269 -0.388068
2236 -0.584795 0.239165
2237 0.665619 -0.049683
2238 -0.684404 -0.160854
2239 0.635223 0.372691
2240 -0.517790 -0.563285
2241 0.341075 0.711917
2242 -0.120399 -0.800207
2243 -0.124492 0.813993
2244 0.372448 -0.746192
2245 -0.595641 0.600153
2246 0.766894 -0.383735
2247 -0.864086 0.112344
2248 0.874670 0.191793
2249 -0.789175 -0.497657
2250 0.608404 0.774619
2251 -0.339135 -0.990945
2252 0.001180 1.120643
2253 0.379963 -1.142629
2254 -0.766231 1.049643
2255 1.120711 -0.837536
2256 -1.404254 0.514640
2257 1.587135 -0.099255
2258 -1.635994 -0.373925
2259 1.531405 0.869697
2260 -1.259066 -1.338106
2261 0.827322 1.734983
2262 -0.245865 -2.017838
2263 -0.441127 2.157512
2264 1.197088 -2.109988
2265 -1.957650 1.859564
2266 2.679777 -1.375936
2267 -3.312637 0.676566
2268 3.824203 0.192714
2269 -4.074209 -1.196331
2270 4.070511 2.367225
2271 -3.704337 -3.723229
2272 3.310429 5.393502
2273 -3.035396 -7.083688
2274 3.726644 7.825185
2275 -0.965411 -5.257604
2276 -7.443214 11.106719
2277 0.743001 -24.134205
2278 13.766495 17.770908
2279 -10.598388 -4.717003
2280 3.489017 3.133388
2281 -1.248451 -3.115611
2282 -0.485532 2.662029
2283 1.176006 -2.265826
2284 -1.584075 1.487957
2285 1.733357 -0.768745
2286 -1.699400 0.098992
2287 1.463416 0.433500
2288 -1.126105 -0.846944
2289 0.703180 1.089773
2290 -0.269023 -1.194763
2291 -0.143085 1.148253
2292 0.488184 -0.986884
2293 -0.748710 0.734562
2294 0.896932 -0.433432
2295 -0.938142 0.109496
2296 0.874838 0.194279
2297 -0.727357 -0.450953
2298 0.512579 0.635421
2299 -0.260138 -0.739039
2300 -0.002549 0.755170
2301 0.245733 -0.691872
2302 -0.449057 0.556762
2303 0.591945 -0.369766
2304 -0.666672 0.152209
2305 0.669349 0.069037
2306 -0.603147 -0.273955
2307 0.475224 0.442921
2308 -0.304072 -0.559750
2309 0.110185 0.613019
2310 0.083716 -0.603078
2311 -0.260859 0.534126
2312 0.403989 -0.415755
2313 -0.498485 0.260226
2314 0.535497 -0.086035
2315 -0.514663 -0.087700
2316 0.440940 0.242726
2317 -0.323941 -0.363628
2318 0.175320 0.438931
2319 -0.012637 -0.463149
2320 -0.145298 0.433863
2321 0.281169 -0.356563
2322 -0.384983 0.242352
2323 0.443075 -0.110238
2324 -0.443584 -0.030184
2325 0.397017 0.170670
2326 -0.316410 -0.288338
2327 0.204287 0.369171
2328 -0.071282 -0.407691
2329 -0.065998 0.399485
2330 0.191724 -0.348876
2331 -0.294314 0.261941
2332 0.361974 -0.150329
2333 -0.387720 0.026153
2334 0.371965 0.098461
2335 -0.319894 -0.208672
2336 0.237098 0.294215
2337 -0.130123 -0.348433
2338 0.011353 0.364972
2339 0.104058 -0.342449
2340 -0.205117 0.285160
2341 0.281908 -0.200948
2342 -0.325762 0.099916
2343 0.332850 0.007357
2344 -0.305465 -0.111605
2345 0.249012 0.200635
2346 -0.170315 -0.263984
2347 0.077505 0.297940
2348 0.019927 -0.301177
2349 -0.111622 0.272637
2350 0.189126 -0.216463
2351 -0.246180 0.139029
2352 0.276211 -0.048659
2353 -0.275722 -0.043946
2354 0.245310 0.130057
2355 -0.190836 -0.201324
2356 0.118536 0.250512
2357 -0.033559 -0.274704
2358 -0.054471 0.270496
2359 0.135781 -0.237179
2360 -0.202163 0.181199
2361 0.245841 -0.109745
2362 -0.264418 0.027751
2363 0.257297 0.057373
2364 -0.223779 -0.134695
2365 0.166907 0.196550
2366 -0.094053 -0.238468
2367 0.012769 0.254531
2368 0.069246 -0.243680
2369 -0.143923 0.209011
2370 0.202336 -0.153507
2371 -0.239446 0.081431
2372 0.253050 -0.001362
2373 -0.238695 -0.077526
2374 0.198963 0.148037
2375 -0.140843 -0.203010
2376 0.067338 0.236407
2377 0.013970 -0.244606
2378 -0.093063 0.227996
2379 0.162341 -0.187241
2380 -0.214257 0.126060
2381 0.243593 -0.051782
2382 -0.247352 -0.029401
2383 0.225567 0.107721
2384 -0.179777 -0.173503
2385 0.114471 0.220552
2386 -0.036888 -0.244847
2387 -0.045372 0.243205
2388 0.122113 -0.215831
2389 -0.184610 0.165841
2390 0.226326 -0.097954
2391 -0.242690 0.020525
2392 0.233758 0.057949
2393 -0.201892 -0.129576
2394 0.148853 0.186611
2395 -0.079966 -0.222482
2396 0.003853 0.233424
2397 0.071262 -0.219944
2398 -0.136773 0.184256
2399 0.186460 -0.129964
2400 -0.217680 0.063695
2401 0.225637 0.007670
2402 -0.209952 -0.078267
2403 0.174986 0.139900
2404 -0.122270 -0.186025
2405 0.057313 0.213544
2406 0.011653 -0.218491
2407 -0.079858 0.199335
2408 0.140543 -0.160809
2409 -0.185043 0.107390
2410 0.210382 -0.042647
2411 -0.215532 -0.025783
2412 0.196770 0.090864
2413 -0.156530 -0.147323
2414 0.102115 0.188825
2415 -0.036875 -0.209306
2416 -0.034117 0.207384
2417 0.100391 -0.184511
2418 -0.154570 0.140350
2419 0.192248 -0.080655
2420 -0.207428 0.012649
2421 0.199131 0.057810
2422 -0.169867 -0.120896
2423 0.122319 0.169834
2424 -0.061601 -0.199815
2425 -0.006188 0.207467
2426 0.072163 -0.193812
2427 -0.127473 0.161000
2428 0.168909 -0.112410
2429 -0.193536 0.053106
2430 0.196842 0.011185
2431 -0.178705 -0.074012
2432 0.141804 0.127247
2433 -0.091876 -0.163889
2434 0.033982 0.182897
2435 0.026736 -0.184201
2436 -0.084022 0.166283
2437 0.133556 -0.131143
2438 -0.168529 0.082087
2439 0.185343 -0.024025
2440 -0.183907 -0.036136
2441 0.163213 0.092734
2442 -0.125850 -0.139612
2443 0.075498 0.172625
2444 -0.016413 -0.188797
2445 -0.044740 0.185133
2446 0.101417 -0.161816
2447 -0.148020 0.120895
2448 0.179533 -0.066995
2449 -0.193346 0.008757
2450 0.185373 0.047321
2451 -0.153599 -0.103236
2452 0.107332 0.151595
2453 -0.052326 -0.179896
2454 -0.008246 0.188212
2455 0.066203 -0.176786
2456 -0.117755 0.145185
2457 0.158786 -0.097915
2458 -0.181150 0.040235
2459 0.183219 0.019962
2460 -0.167866 -0.074648
2461 0.134685 0.121922
2462 -0.088173 -0.157552
2463 0.033728 0.174646
2464 0.025036 -0.174029
2465 -0.079663 0.156220
2466 0.124995 -0.120237
2467 -0.158023 0.073166
2468 0.173619 -0.020133
2469 -0.170783 -0.036071
2470 0.150892 0.088317
2471 -0.116549 -0.131008
2472 0.069658 0.160020
2473 -0.013837 -0.173238
2474 -0.042949 0.169897
2475 0.094129 -0.148265
2476 -0.134592 0.109908
2477 0.161059 -0.060196
2478 -0.172587 0.004804
2479 0.166504 0.051023
2480 -0.141162 -0.101458
2481 0.100150 0.141330
2482 -0.048557 -0.166758
2483 -0.008716 0.174350
2484 0.065363 -0.163496
2485 -0.114113 0.134553
2486 0.150597 -0.090191
2487 -0.171867 0.035748
2488 0.173071 0.022609
2489 -0.154139 -0.077340
2490 0.119838 0.123219
2491 -0.073064 -0.155635
2492 0.018093 0.170950
2493 0.038361 -0.167605
2494 -0.089562 0.145342
2495 0.129605 -0.108580
2496 -0.155406 0.062124
2497 0.165459 -0.010028
2498 -0.159268 -0.041826
2499 0.136476 0.089686
2500 -0.099495 -0.127760
2501 0.052464 0.149774
2502 0.000247 -0.156181
2503 -0.050973 0.148608
2504 0.094211 -0.126547
2505 -0.127284 0.090205
2506 0.148065 -0.044165
2507 -0.154237 -0.004410
2508 0.143739 0.050254
2509 -0.119271 -0.090222
2510 0.084478 0.122140
2511 -0.040858 -0.141466
2512 -0.007609 0.144680
2513 0.054169 -0.133692
2514 -0.093858 0.109506
2515 0.124475 -0.073496
2516 -0.143562 0.029683
2517 0.147784 0.018675
2518 -0.135335 -0.065396
2519 0.107966 0.105099
2520 -0.069115 -0.135954
2521 0.021963 0.154449
2522 0.028539 -0.155829
2523 -0.076169 0.138609
2524 0.116445 -0.105918
2525 -0.145607 0.062344
2526 0.159356 -0.012578
2527 -0.156485 -0.039108
2528 0.137800 0.088358
2529 -0.103751 -0.128621
2530 0.057990 0.154545
2531 -0.005174 -0.164321
2532 -0.049267 0.157114
2533 0.096977 -0.132695
2534 -0.132935 0.092949
2535 0.156132 -0.044714
2536 -0.162984 -0.006544
2537 0.150151 0.057987
2538 -0.120310 -0.103441
2539 0.078920 0.135435
2540 -0.029244 -0.151230
2541 -0.023683 0.152045
2542 0.073095 -0.136139
2543 -0.115554 0.103691
2544 0.144846 -0.059813
2545 -0.156124 0.009749
2546 0.151034 0.040526
2547 -0.130041 -0.084352
2548 0.095246 0.118455
2549 -0.051904 -0.141575
2550 0.004141 0.149995
2551 0.044010 -0.142096
2552 -0.087743 0.119645
2553 0.120521 -0.084610
2554 -0.137925 0.041514
2555 0.140061 0.004128
2556 -0.127693 -0.048379
2557 0.102870 0.086932
2558 -0.068123 -0.115185
2559 0.025946 0.130011
2560 0.017020 -0.130632
2561 -0.055544 0.117354
2562 0.087883 -0.092502
2563 -0.110276 0.059873
2564 0.121437 -0.022709
2565 -0.121229 -0.015978
2566 0.108149 0.052676
2567 -0.084731 -0.083448
2568 0.054924 0.105490
2569 -0.019553 -0.116543
2570 -0.018031 0.115560
2571 0.052365 -0.103923
2572 -0.080882 0.082669
2573 0.101503 -0.053065
2574 -0.112268 0.018450
2575 0.110409 0.016712
2576 -0.097531 -0.049677
2577 0.075601 0.073776
2578 -0.039907 -0.089197
2579 0.001087 0.102965
2580 0.030339 -0.104111
2581 -0.059744 0.088423
2582 0.085329 -0.065071
2583 -0.101093 0.034684
2584 0.105062 0.001027
2585 -0.100102 -0.036609
2586 0.086482 0.069181
2587 -0.062302 -0.094301
2588 0.030580 0.107613
2589 0.004883 -0.109967
2590 -0.039058 0.101793
2591 0.068547 -0.081521
2592 -0.090607 0.052410
2593 0.101186 -0.019305
2594 -0.099429 -0.016057
2595 0.086530 0.049308
2596 -0.064743 -0.075326
2597 0.037022 0.091809
2598 -0.006045 -0.097837
2599 -0.025161 0.092784
2600 0.053221 -0.078427
2601 -0.074641 0.057209
2602 0.087214 -0.030925
2603 -0.090687 0.001703
2604 0.085449 0.028238
2605 -0.072264 -0.054231
2606 0.051794 0.073521
2607 -0.027033 -0.085954
2608 0.001305 0.089974
2609 0.024796 -0.086470
2610 -0.049247 0.075007
2611 0.068686 -0.055247
2612 -0.081448 0.031851
2613 0.086768 -0.006739
2614 -0.083808 -0.018830
2615 0.073450 0.041748
2616 -0.055612 -0.059693
2617 0.031889 0.071711
2618 -0.008317 -0.077702
2619 -0.012892 0.076032
2620 0.033983 -0.066378
2621 -0.052579 0.050676
2622 0.063556 -0.030319
2623 -0.066146 0.007739
2624 0.061680 0.014977
2625 -0.050719 -0.035952
2626 0.035893 0.050147
2627 -0.018885 -0.057807
2628 0.000808 0.061646
2629 0.017138 -0.058887
2630 -0.033101 0.049924
2631 0.044343 -0.037872
2632 -0.050527 0.022421
2633 0.050596 -0.005632
2634 -0.045533 -0.010106
2635 0.037023 0.023740
2636 -0.024681 -0.033025
2637 0.010874 0.037538
2638 0.001432 -0.037578
2639 -0.011657 0.033828
2640 0.019831 -0.026474
2641 -0.025759 0.017732
2642 0.028471 -0.010157
2643 -0.027112 0.002662
2644 0.022980 0.004043
2645 -0.016177 -0.008228
2646 0.008124 0.009352
2647 -0.002350 -0.007967
2648 -0.002134 0.003855
2649 0.006075 0.002182
2650 -0.005297 -0.006380
2651 0.000553 0.007759
2652 0.002964 -0.007652
2653 -0.003794 0.004434
2654 0.004124 0.001679
2655 -0.004586 -0.007933
2656 0.003548 0.014112
2657 -0.000228 -0.020350
2658 -0.005298 0.025364
2659 0.012187 -0.026585
2660 -0.017884 0.023212
2661 0.020218 -0.016032
2662 -0.018375 0.006055
2663 0.014005 0.004586
2664 -0.006867 -0.014727
2665 -0.005716 0.023203
2666 0.022076 -0.028024
2667 -0.038715 0.027908
2668 0.055064 -0.023730
2669 -0.070251 0.016023
2670 0.082733 -0.003666
2671 -0.089371 -0.014087
2672 0.088663 0.034839
2673 -0.082436 -0.055656
2674 0.070341 0.075139
2675 -0.049788 -0.092951
2676 0.020880 0.107662
2677 0.013068 -0.116041
2678 -0.048712 0.114850
2679 0.086766 -0.103023
2680 -0.123340 0.079571
2681 0.152924 -0.044045
2682 -0.173193 0.001005
2683 0.178742 0.045920
2684 -0.166015 -0.095089
2685 0.136834 0.138701
2686 -0.093457 -0.169936
2687 0.039383 0.185681
2688 0.021441 -0.182477
2689 -0.080992 0.157185
2690 0.130248 -0.109728
2691 -0.162362 0.043009
2692 0.172061 0.035508
2693 -0.151780 -0.117274
2694 0.101388 0.194403
2695 -0.026221 -0.255265
2696 -0.069302 0.288061
2697 0.176405 -0.287967
2698 -0.279620 0.251277
2699 0.368213 -0.179867
2700 -0.431021 0.078982
2701 0.457439 0.045167
2702 -0.442044 -0.178657
2703 0.383590 0.298852
2704 -0.271761 -0.394344
2705 0.121104 0.467691
2706 0.039145 -0.496927
2707 -0.204800 0.459521
2708 0.369310 -0.365644
2709 -0.507962 0.220991
2710 0.604273 -0.033049
2711 -0.642388 -0.187154
2712 0.614468 0.423423
2713 -0.513297 -0.655441
2714 0.340279 0.857272
2715 -0.093461 -1.005079
2716 -0.209185 1.070392
2717 0.550899 -1.029766
2718 -0.903143 0.859902
2719 1.244100 -0.557457
2720 -1.515236 0.117975
2721 1.677956 0.466650
2722 -1.684989 -1.198967
2723 1.510072 2.044785
2724 -1.065215 -2.957436
2725 0.199447 3.922138
2726 1.230746 -5.205433
2727 -2.975459 6.872668
2728 5.568783 -8.886190
2729 -9.712133 13.224002
2730 11.407347 -24.355888
2731 1.667670 36.427693
2732 -22.335478 -27.514430
2733 22.042065 5.485875
2734 -8.299541 1.340331
2735 2.240166 1.200932
2736 -0.466507 -1.932929
2737 -0.509806 1.990005
2738 0.955590 -1.435335
2739 -1.314285 0.831031
2740 1.397003 -0.251074
2741 -1.319543 -0.223814
2742 1.063348 0.604055
2743 -0.731290 -0.865418
2744 0.351400 1.003602
2745 0.013414 -1.009776
2746 -0.347883 0.902903
2747 0.611888 -0.705093
2748 -0.793253 0.450050
2749 0.874658 -0.165965
2750 -0.864366 -0.113344
2751 0.765098 0.362644
2752 -0.597423 -0.556149
2753 0.380400 0.680899
2754 -0.143501 -0.730034
2755 -0.088016 0.701981
2756 0.290035 -0.603392
2757 -0.446667 0.452869
2758 0.541246 -0.266302
2759 -0.571003 0.065289
2760 0.535619 0.124923
2761 -0.442949 -0.286607
2762 0.306877 0.408368
2763 -0.144415 -0.477573
2764 -0.027220 0.490022
2765 0.188668 -0.447702
2766 -0.327330 0.358611
2767 0.429443 -0.234497
2768 -0.486047 0.087551
2769 0.494309 0.066290
2770 -0.454252 -0.210860
2771 0.369171 0.334240
2772 -0.249671 -0.423270
2773 0.107120 0.469339
2774 0.042176 -0.468716
2775 -0.182096 0.421706
2776 0.300920 -0.332050
2777 -0.387124 0.209412
2778 0.428729 -0.067670
2779 -0.423242 -0.078192
2780 0.372958 0.212799
2781 -0.282983 -0.322115
2782 0.163970 0.396846
2783 -0.035508 -0.427439
2784 -0.097141 0.400718
2785 0.230945 -0.331621
2786 -0.333014 0.239736
2787 0.387811 -0.121507
2788 -0.401263 -0.012461
2789 0.371447 0.145969
2790 -0.301244 -0.263540
2791 0.198377 0.350409
2792 -0.074820 -0.399800
2793 -0.056290 0.407142
2794 0.181039 -0.369164
2795 -0.286894 0.290376
2796 0.363376 -0.183076
2797 -0.401894 0.057486
2798 0.397082 0.075158
2799 -0.348956 -0.199417
2800 0.263014 0.301289
2801 -0.148856 -0.371561
2802 0.018556 0.401346
2803 0.112740 -0.384418
2804 -0.230227 0.325904
2805 0.321745 -0.232969
2806 -0.375898 0.114840
2807 0.387103 0.013559
2808 -0.356369 -0.137399
2809 0.285578 0.242632
2810 -0.182821 -0.318258
2811 0.062087 0.355398
2812 0.063056 -0.349322
2813 -0.178097 0.302652
2814 0.269079 -0.222614
2815 -0.326372 0.119225
2816 0.345387 -0.003993
2817 -0.327467 -0.109117
2818 0.273525 0.206755
2819 -0.190046 -0.280032
2820 0.090089 0.321857
2821 0.016151 -0.326280
2822 -0.117393 0.294844
2823 0.201479 -0.234848
2824 -0.260224 0.153173
2825 0.288698 -0.058457
2826 -0.286442 -0.038366
2827 0.257066 0.126367
2828 -0.203136 -0.196390
2829 0.129791 0.242304
2830 -0.042010 -0.265823
2831 -0.040797 0.274854
2832 0.101315 -0.251676
2833 -0.159829 0.190922
2834 0.213216 -0.121573
2835 -0.240832 0.048872
2836 0.244296 0.028173
2837 -0.221586 -0.101592
2838 0.175146 0.167058
2839 -0.112819 -0.217435
2840 0.039858 0.247227
2841 0.038055 -0.255285
2842 -0.116768 0.238052
2843 0.188429 -0.193341
2844 -0.243754 0.126492
2845 0.277046 -0.043885
2846 -0.283402 -0.046191
2847 0.260708 0.133465
2848 -0.208360 -0.209158
2849 0.129553 0.265249
2850 -0.035736 -0.294462
2851 -0.061718 0.291713
2852 0.155227 -0.255665
2853 -0.234070 0.190472
2854 0.286075 -0.102671
2855 -0.304634 0.001137
2856 0.288013 0.100503
2857 -0.238934 -0.189568
2858 0.164836 0.256119
2859 -0.074452 -0.293942
2860 -0.023795 0.300188
2861 0.118683 -0.272511
2862 -0.198867 0.215810
2863 0.255807 -0.138704
2864 -0.284563 0.048011
2865 0.283156 0.046753
2866 -0.253128 -0.134089
2867 0.198967 0.205840
2868 -0.123430 -0.256307
2869 0.034809 0.278575
2870 0.055524 -0.270507
2871 -0.138434 0.235827
2872 0.205804 -0.178738
2873 -0.253046 0.103363
2874 0.274755 -0.017264
2875 -0.266032 -0.069937
2876 0.229555 0.149760
2877 -0.170876 -0.215587
2878 0.094355 0.261390
2879 -0.007991 -0.280261
2880 -0.080991 0.270054
2881 0.163869 -0.232676
2882 -0.228581 0.170794
2883 0.269640 -0.092181
2884 -0.283980 0.005520
2885 0.271847 0.083886
2886 -0.234617 -0.161300
2887 0.164869 0.218070
2888 -0.073335 -0.258146
2889 -0.019667 0.273449
2890 0.109326 -0.257135
2891 -0.187892 0.211278
2892 0.245807 -0.139282
2893 -0.278378 0.051631
2894 0.282099 0.040427
2895 -0.255057 -0.129569
2896 0.199949 0.205986
2897 -0.123698 -0.259391
2898 0.033964 0.284418
2899 0.059185 -0.278818
2900 -0.144190 0.242223
2901 0.212061 -0.180664
2902 -0.256867 0.101474
2903 0.274875 -0.011622
2904 -0.264720 -0.077468
2905 0.226993 0.157442
2906 -0.164651 -0.220990
2907 0.084004 0.260902
2908 0.006153 -0.274250
2909 -0.096072 0.257938
2910 0.175844 -0.213346
2911 -0.237530 0.147102
2912 0.275108 -0.065183
2913 -0.283147 -0.024918
2914 0.260985 0.114024
2915 -0.211465 -0.191182
2916 0.138601 0.246319
2917 -0.051247 -0.276530
2918 -0.040921 0.280859
2919 0.127416 -0.254726
2920 -0.199463 0.200588
2921 0.251484 -0.127835
2922 -0.277532 0.043843
2923 0.275310 0.042562
2924 -0.245076 -0.122508
2925 0.190704 0.190166
2926 -0.118019 -0.239406
2927 0.033874 0.265356
2928 0.051430 -0.265712
2929 -0.131208 0.239521
2930 0.200299 -0.190559
2931 -0.251301 0.124164
2932 0.278875 -0.042443
2933 -0.280493 -0.047361
2934 0.255002 0.133555
2935 -0.202755 -0.209620
2936 0.128028 0.268508
2937 -0.036966 -0.300750
2938 -0.062304 0.300915
2939 0.157663 -0.268550
2940 -0.238247 0.205305
2941 0.296071 -0.116500
2942 -0.322363 0.012287
2943 0.310819 0.096556
2944 -0.262920 -0.197018
2945 0.186889 0.275056
2946 -0.091906 -0.320005
2947 -0.014808 0.327802
2948 0.124122 -0.300073
2949 -0.222175 0.242494
2950 0.292871 -0.162347
2951 -0.327951 0.064118
2952 0.328002 0.043805
2953 -0.294723 -0.147028
2954 0.230866 0.233474
2955 -0.142335 -0.293810
2956 0.038475 0.323281
2957 0.065190 -0.319469
2958 -0.162835 0.275853
2959 0.253952 -0.203593
2960 -0.319355 0.115500
2961 0.343722 -0.010201
2962 -0.327547 -0.099948
2963 0.276346 0.198521
2964 -0.197304 -0.275042
2965 0.097554 0.322925
2966 0.012969 -0.336535
2967 -0.121151 0.311951
2968 0.214655 -0.253316
2969 -0.282525 0.168290
2970 0.319617 -0.068224
2971 -0.324927 -0.036254
2972 0.296501 0.137616
2973 -0.237668 -0.224758
2974 0.157679 0.287580
2975 -0.064779 -0.320478
2976 -0.035454 0.323718
2977 0.134077 -0.299628
2978 -0.221883 0.247521
2979 0.291015 -0.167910
2980 -0.333192 0.066977
2981 0.342065 0.041651
2982 -0.314394 -0.147099
2983 0.253416 0.241308
2984 -0.166221 -0.313081
2985 0.058293 0.352760
2986 0.062173 -0.355410
2987 -0.177601 0.320565
2988 0.270157 -0.243756
2989 -0.339532 0.131379
2990 0.378489 -0.009282
2991 -0.370073 -0.110382
2992 0.317732 0.222362
2993 -0.231147 -0.313348
2994 0.118492 0.370898
2995 0.007504 -0.388596
2996 -0.133616 0.368286
2997 0.245453 -0.310588
2998 -0.330467 0.217900
2999 0.382640 -0.099723
3000 -0.396400 -0.028153
3001 0.368378 0.150959
3002 -0.300244 -0.261067
3003 0.199878 0.347866
3004 -0.079822 -0.397549
3005 -0.052047 0.403045
3006 0.188112 -0.364054
3007 -0.311095 0.287900
3008 0.399352 -0.184732
3009 -0.436618 0.059508
3010 0.420838 0.079661
3011 -0.363446 -0.216418
3012 0.273017 0.330497
3013 -0.152792 -0.403477
3014 0.010870 0.429996
3015 0.134919 -0.411880
3016 -0.263803 0.347557
3017 0.362871 -0.242384
3018 -0.424709 0.110545
3019 0.442916 0.032801
3020 -0.414640 -0.171579
3021 0.341761 0.291154
3022 -0.233320 -0.382113
3023 0.102398 0.435019
3024 0.039995 -0.442915
3025 -0.180433 0.407391
3026 0.302944 -0.332316
3027 -0.395048 0.222031
3028 0.448258 -0.088303
3029 -0.456416 -0.054634
3030 0.416485 0.194696
3031 -0.332256 -0.318219
3032 0.213433 0.411512
3033 -0.071297 -0.461661
3034 -0.078364 0.461476
3035 0.220321 -0.412523
3036 -0.342459 0.320152
3037 0.428621 -0.191826
3038 -0.467831 0.041843
3039 0.457888 0.111279
3040 -0.398783 -0.251958
3041 0.296187 0.366044
3042 -0.161839 -0.442032
3043 0.010456 0.472634
3044 0.141975 -0.452399
3045 -0.277688 0.384133
3046 0.383187 -0.277889
3047 -0.452125 0.141323
3048 0.475752 0.012073
3049 -0.448449 -0.163695
3050 0.374132 0.298587
3051 -0.260651 -0.404348
3052 0.117554 0.471002
3053 0.041669 -0.490138
3054 -0.198001 0.456720
3055 0.335538 -0.373605
3056 -0.441505 0.249020
3057 0.501892 -0.095050
3058 -0.509196 -0.070998
3059 0.462035 0.231441
3060 -0.363693 -0.368283
3061 0.224872 0.464797
3062 -0.060577 -0.511427
3063 -0.111990 0.502748
3064 0.273369 -0.439340
3065 -0.404918 0.327737
3066 0.494523 -0.179251
3067 -0.534651 0.010518
3068 0.522656 0.161030
3069 -0.458052 -0.315881
3070 0.342525 0.437648
3071 -0.185715 -0.517312
3072 0.006104 0.549782
3073 0.173244 -0.531851
3074 -0.335583 0.460251
3075 0.468403 -0.337396
3076 -0.557259 0.175954
3077 0.590268 0.007214
3078 -0.561701 -0.195962
3079 0.472879 0.370130
3080 -0.332068 -0.508429
3081 0.153125 0.593623
3082 0.045517 -0.615560
3083 -0.241194 0.572006
3084 0.415641 -0.461997
3085 -0.551887 0.297826
3086 0.629388 -0.103590
3087 -0.636274 -0.103786
3088 0.572136 0.305040
3089 -0.449870 -0.471720
3090 0.275280 0.582252
3091 -0.061615 -0.639278
3092 -0.151706 0.637065
3093 0.345436 -0.561607
3094 -0.507272 0.424421
3095 0.617082 -0.243581
3096 -0.663471 0.035741
3097 0.642865 0.179504
3098 -0.557908 -0.376422
3099 0.415723 0.532843
3100 -0.230950 -0.637794
3101 0.021932 0.681054
3102 0.190540 -0.657542
3103 -0.384548 0.569012
3104 0.543916 -0.423204
3105 -0.654660 0.233108
3106 0.703577 -0.018137
3107 -0.681959 -0.202542
3108 0.589541 0.413130
3109 -0.433539 -0.591438
3110 0.225713 0.712749
3111 0.015305 -0.761570
3112 -0.263664 0.731550
3113 0.492766 -0.623523
3114 -0.677039 0.444623
3115 0.794228 -0.209606
3116 -0.830270 -0.058544
3117 0.777211 0.331220
3118 -0.635281 -0.578399
3119 0.419364 0.770612
3120 -0.150690 -0.883684
3121 -0.145853 0.902561
3122 0.439011 -0.822770
3123 -0.694869 0.651044
3124 0.884300 -0.405237
3125 -0.988142 0.110051
3126 0.993663 0.201719
3127 -0.892777 -0.498439
3128 0.691524 0.752131
3129 -0.410844 -0.935289
3130 0.084125 1.028237
3131 0.253729 -1.017507
3132 -0.572380 0.897951
3133 0.841780 -0.680751
3134 -1.033525 0.385872
3135 1.124335 -0.040811
3136 -1.098137 -0.319876
3137 0.955499 0.658924
3138 -0.707430 -0.939994
3139 0.374045 1.129287
3140 0.011716 -1.203764
3141 -0.410914 1.151815
3142 0.784216 -0.972738
3143 -1.088802 0.674553
3144 1.287770 -0.282798
3145 -1.352920 -0.160075
3146 1.269800 0.609373
3147 -1.040276 -1.021643
3148 0.682143 1.345362
3149 -0.228318 -1.543373
3150 -0.274961 1.592262
3151 0.780160 -1.476773
3152 -1.233412 1.198926
3153 1.584601 -0.779945
3154 -1.789651 0.254154
3155 1.819038 0.327118
3156 -1.661443 -0.906951
3157 1.326106 1.422769
3158 -0.832156 -1.820163
3159 0.216976 2.050269
3160 0.466500 -2.078902
3161 -1.151671 1.888577
3162 1.769905 -1.482576
3163 -2.250689 0.880143
3164 2.541128 -0.129424
3165 -2.592177 -0.708823
3166 2.380263 1.554486
3167 -1.898970 -2.331095
3168 1.172120 2.950545
3169 -0.239634 -3.340567
3170 -0.822636 3.432634
3171 1.939238 -3.184879
3172 -3.008483 2.568823
3173 3.935814 -1.610333
3174 -4.603478 0.333019
3175 4.932308 1.189844
3176 -4.807542 -2.894480
3177 4.194060 4.659067
3178 -3.013866 -6.402329
3179 1.267218 7.984183
3180 1.115507 -9.390737
3181 -4.112792 10.406162
3182 8.167146 -11.333701
3183 -13.257480 12.499011
3184 20.092852 -16.509170
3185 -21.597068 25.533025
3186 15.826375 -29.446918
3187 -11.378315 29.184627
3188 3.822255 -26.823570
3189 0.740097 16.401403
3190 2.573266 -8.597889
3191 -4.480500 5.706594
3192 4.927759 -3.046114
3193 -4.890555 1.152563
3194 4.296673 0.379812
3195 -3.442266 -1.446430
3196 2.428867 2.186532
3197 -1.423054 -2.508119
3198 0.456512 2.520439
3199 0.367425 -2.257453
3200 -1.019162 1.820505
3201 1.445785 -1.258935
3202 -1.654283 0.662038
3203 1.647429 -0.075061
3204 -1.469058 -0.437012
3205 1.152010 0.839809
3206 -0.753506 -1.095087
3207 0.322980 1.199701
3208 0.091248 -1.154967
3209 -0.452410 0.989643
3210 0.717685 -0.724719
3211 -0.884952 0.397163
3212 0.944851 -0.063526
3213 -0.880638 -0.242185
3214 0.713927 0.510111
3215 -0.484748 -0.705633
3216 0.215760 0.811593
3217 0.063682 -0.824232
3218 -0.325799 0.751440
3219 0.541716 -0.601296
3220 -0.692689 0.393958
3221 0.767435 -0.155122
3222 -0.763552 -0.088877
3223 0.684010 0.315004
3224 -0.538925 -0.499303
3225 0.343639 0.623658
3226 -0.123826 -0.677390
3227 -0.097537 0.658345
3228 0.298072 -0.570390
3229 -0.457314 0.427537
3230 0.559124 -0.245798
3231 -0.596968 0.045081
3232 0.570867 0.153303
3233 -0.485191 -0.328590
3234 0.350737 0.463286
3235 -0.183700 -0.544029
3236 -0.000622 0.566602
3237 0.178754 -0.528577
3238 -0.328746 0.433227
3239 0.438988 -0.295335
3240 -0.502701 0.132234
3241 0.512634 0.039346
3242 -0.467089 -0.199528
3243 0.372516 0.334142
3244 -0.239387 -0.434031
3245 0.083839 0.487764
3246 0.074146 -0.487157
3247 -0.219179 0.435554
3248 0.337453 -0.339437
3249 -0.418893 0.209461
3250 0.454347 -0.060967
3251 -0.438883 -0.090630
3252 0.378640 0.228862
3253 -0.282079 -0.339847
3254 0.159322 0.412384
3255 -0.022903 -0.433904
3256 -0.116975 0.405744
3257 0.240686 -0.337709
3258 -0.331511 0.237918
3259 0.382587 -0.117861
3260 -0.389206 -0.011209
3261 0.352013 0.135882
3262 -0.276245 -0.239660
3263 0.173139 0.311912
3264 -0.057962 -0.346883
3265 -0.057495 0.343833
3266 0.160747 -0.302874
3267 -0.245849 0.228664
3268 0.307100 -0.132521
3269 -0.329632 0.024534
3270 0.310436 0.082726
3271 -0.259633 -0.175022
3272 0.184596 0.244636
3273 -0.091388 -0.286361
3274 -0.009365 0.295851
3275 0.104658 -0.272640
3276 -0.184794 0.222219
3277 0.241761 -0.151045
3278 -0.269932 0.066175
3279 0.268974 0.020932
3280 -0.241789 -0.100279
3281 0.191499 0.164134
3282 -0.124227 -0.206708
3283 0.049545 0.226253
3284 0.025050 -0.221979
3285 -0.092990 0.195772
3286 0.146842 -0.153259
3287 -0.184412 0.098831
3288 0.203380 -0.036865
3289 -0.203621 -0.028335
3290 0.184050 0.092842
3291 -0.145356 -0.146781
3292 0.093856 0.181534
3293 -0.025985 -0.197326
3294 -0.046940 0.199748
3295 0.105206 -0.184101
3296 -0.150281 0.144108
3297 0.182116 -0.083391
3298 -0.195271 0.011554
3299 0.188262 0.057629
3300 -0.160175 -0.115783
3301 0.112124 0.158854
3302 -0.050955 -0.182066
3303 -0.013858 0.182540
3304 0.073052 -0.162241
3305 -0.121401 0.126766
3306 0.154934 -0.081812
3307 -0.168318 0.030824
3308 0.162639 0.022909
3309 -0.141182 -0.073019
3310 0.106894 0.112618
3311 -0.063638 -0.136948
3312 0.015340 0.144809
3313 0.032466 -0.136929
3314 -0.074679 0.114344
3315 0.105496 -0.080252
3316 -0.123256 0.038539
3317 0.128418 0.005520
3318 -0.118073 -0.045560
3319 0.095773 0.078461
3320 -0.066513 -0.102259
3321 0.032962 0.113598
3322 -0.001756 -0.112845
3323 -0.027545 0.104191
3324 0.054598 -0.088378
3325 -0.075663 0.063788
3326 0.090585 -0.030365
3327 -0.093900 -0.008224
3328 0.082767 0.049556
3329 -0.061083 -0.084721
3330 0.029682 0.104615
3331 0.008290 -0.111627
3332 -0.044110 0.104890
3333 0.073056 -0.084946
3334 -0.093274 0.056842
3335 0.103991 -0.022255
3336 -0.101621 -0.015105
3337 0.088458 0.059197
3338 -0.082310 -0.096950
3339 0.066366 0.102278
3340 -0.023889 -0.094149
3341 -0.017620 0.091285
3342 0.046273 -0.082335
3343 -0.066641 0.061015
3344 0.079589 -0.030859
3345 -0.082144 -0.000725
3346 0.073305 0.029963
3347 -0.056163 -0.052396
3348 0.032906 0.064215
3349 -0.007364 -0.067151
3350 -0.016292 0.062517
3351 0.033876 -0.050866
3352 -0.048409 0.033130
3353 0.062009 -0.012725
3354 -0.066084 -0.006627
3355 0.057667 0.027743
3356 -0.045812 -0.050985
3357 0.033779 0.068886
3358 -0.018807 -0.074063
3359 0.000139 0.066304
3360 0.025146 -0.050302
3361 -0.049187 0.034242
3362 0.059500 -0.019735
3363 -0.056762 0.002268
3364 0.048121 0.015893
3365 -0.038782 -0.031856
3366 0.024878 0.044198
3367 -0.003454 -0.049978
3368 -0.019946 0.046692
3369 0.038801 -0.036182
3370 -0.050886 0.021014
3371 0.057400 -0.001779
3372 -0.058585 -0.016528
3373 0.052849 0.031326
3374 -0.038803 -0.043945
3375 0.018802 0.050291
3376 0.001245 -0.049843
3377 -0.020551 0.045481
3378 0.039615 -0.035938
3379 -0.053442 0.020373
3380 0.059170 -0.000539
3381 -0.057555 -0.021039
3382 0.048064 0.042607
3383 -0.031564 -0.060111
3384 0.011707 0.072163
3385 0.009367 -0.075422
3386 -0.029170 0.066107
3387 0.045255 -0.049837
3388 -0.056634 0.029702
3389 0.059583 -0.005023
3390 -0.054259 -0.022910
3391 0.046409 0.045073
3392 -0.033052 -0.070327
3393 0.033596 0.094001
3394 -0.031934 -0.070872
3395 -0.014082 0.035893
3396 0.059034 -0.030292
3397 -0.076137 0.018473
3398 0.084528 0.006157
3399 -0.083973 -0.033186
3400 0.073382 0.060687
3401 -0.053050 -0.083470
3402 0.026779 0.097572
3403 0.003023 -0.101131
3404 -0.035392 0.093145
3405 0.064631 -0.073770
3406 -0.085566 0.046636
3407 0.097960 -0.014332
3408 -0.100221 -0.020900
3409 0.089469 0.055797
3410 -0.066109 -0.086840
3411 0.033785 0.110049
3412 0.004106 -0.120420
3413 -0.043587 0.116073
3414 0.081378 -0.098065
3415 -0.114901 0.069503
3416 0.136451 -0.037746
3417 -0.134663 0.003108
3418 0.115524 0.043559
3419 -0.095095 -0.089333
3420 0.065467 0.118310
3421 -0.023272 -0.132761
3422 -0.019861 0.128191
3423 0.061999 -0.106851
3424 -0.099762 0.076269
3425 0.124844 -0.037684
3426 -0.133949 -0.006090
3427 0.126938 0.050365
3428 -0.105783 -0.089171
3429 0.074689 0.118288
3430 -0.036606 -0.136633
3431 -0.007328 0.143120
3432 0.054448 -0.134314
3433 -0.096744 0.108262
3434 0.128614 -0.070532
3435 -0.148737 0.026999
3436 0.156161 0.021422
3437 -0.151417 -0.071225
3438 0.133446 0.117270
3439 -0.101261 -0.155080
3440 0.057378 0.181332
3441 -0.005544 -0.191794
3442 -0.050149 0.183418
3443 0.104342 -0.157057
3444 -0.147986 0.110828
3445 0.172631 -0.049276
3446 -0.176367 -0.018045
3447 0.159828 0.085071
3448 -0.122990 -0.143847
3449 0.066835 0.187580
3450 0.000580 -0.209919
3451 -0.071128 0.208617
3452 0.140171 -0.183416
3453 -0.197003 0.135746
3454 0.232837 -0.071655
3455 -0.245660 -0.001281
3456 0.232786 0.075786
3457 -0.193590 -0.145921
3458 0.133971 0.202129
3459 -0.058506 -0.236563
3460 -0.027814 0.243439
3461 0.119823 -0.221855
3462 -0.204736 0.169312
3463 0.284616 -0.088836
3464 -0.342450 0.028314
3465 0.319176 0.026275
3466 -0.252681 -0.125319
3467 0.190924 0.219614
3468 -0.110221 -0.276008
3469 0.014863 0.304845
3470 0.079149 -0.298981
3471 -0.156951 0.249225
3472 0.218278 -0.156237
3473 -0.271784 0.044061
3474 0.305889 0.056541
3475 -0.299973 -0.138033
3476 0.243846 0.207194
3477 -0.154304 -0.264834
3478 0.057087 0.302032
3479 0.038588 -0.305867
3480 -0.129955 0.272043
3481 0.208668 -0.203824
3482 -0.264934 0.116426
3483 0.293289 -0.025924
3484 -0.291373 -0.066308
3485 0.257945 0.156783
3486 -0.198018 -0.234707
3487 0.117958 0.289486
3488 -0.021804 -0.311712
3489 -0.083246 0.305478
3490 0.184342 -0.273029
3491 -0.265990 0.207498
3492 0.321884 -0.118120
3493 -0.340290 0.013634
3494 0.322340 0.106329
3495 -0.282593 -0.214049
3496 0.208579 0.293105
3497 -0.105899 -0.349150
3498 -0.007681 0.370633
3499 0.129307 -0.353746
3500 -0.244467 0.296948
3501 0.334550 -0.203037
3502 -0.391319 0.086317
3503 0.410286 0.040711
3504 -0.388954 -0.167643
3505 0.326466 0.281905
3506 -0.225358 -0.369529
3507 0.098608 0.419625
3508 0.036503 -0.421679
3509 -0.168582 0.377202
3510 0.283764 -0.293734
3511 -0.367641 0.177939
3512 0.413304 -0.040489
3513 -0.415985 -0.103675
3514 0.375060 0.240690
3515 -0.293877 -0.359420
3516 0.178663 0.444340
3517 -0.041123 -0.485962
3518 -0.104227 0.482211
3519 0.242636 -0.430405
3520 -0.360907 0.333831
3521 0.446837 -0.203988
3522 -0.488435 0.053703
3523 0.477697 0.107227
3524 -0.416380 -0.264989
3525 0.310070 0.397609
3526 -0.161570 -0.485603
3527 -0.018907 0.527475
3528 0.203123 -0.527011
3529 -0.359736 0.474933
3530 0.469423 -0.357297
3531 -0.531408 0.176394
3532 0.557091 0.039338
3533 -0.542547 -0.247644
3534 0.464663 0.414179
3535 -0.316870 -0.529788
3536 0.122589 0.599742
3537 0.084891 -0.615662
3538 -0.282365 0.563218
3539 0.451636 -0.443321
3540 -0.575152 0.273569
3541 0.639727 -0.073867
3542 -0.635836 -0.139371
3543 0.560166 0.346124
3544 -0.420543 -0.520280
3545 0.232232 0.640260
3546 -0.014359 -0.692765
3547 -0.213025 0.670882
3548 0.425862 -0.576001
3549 -0.599585 0.417600
3550 0.715396 -0.209966
3551 -0.760030 -0.026887
3552 0.723740 0.267662
3553 -0.609144 -0.486622
3554 0.430217 0.663247
3555 -0.203336 -0.779305
3556 -0.052653 0.819588
3557 0.310745 -0.774953
3558 -0.542567 0.645689
3559 0.724747 -0.448549
3560 -0.837938 0.204426
3561 0.865138 0.069306
3562 -0.801438 -0.346428
3563 0.655496 0.595613
3564 -0.442367 -0.787943
3565 0.176639 0.902419
3566 0.119330 -0.928735
3567 -0.413114 0.859023
3568 0.673598 -0.705061
3569 -0.853873 0.481142
3570 0.937642 -0.167984
3571 -0.954527 -0.189156
3572 0.881792 0.513965
3573 -0.696183 -0.788289
3574 0.421170 0.996060
3575 -0.092631 -1.110733
3576 -0.257475 1.110064
3577 0.602712 -0.985748
3578 -0.908853 0.754642
3579 1.131027 -0.441040
3580 -1.231704 0.066048
3581 1.198294 0.344521
3582 -1.043964 -0.743533
3583 0.781946 1.067548
3584 -0.415888 -1.268470
3585 -0.044198 1.341363
3586 0.548168 -1.307941
3587 -0.999812 1.185900
3588 1.316713 -0.955651
3589 -1.457413 0.591338
3590 1.439178 -0.062082
3591 -1.377330 -0.550129
3592 1.246961 1.042305
3593 -0.920756 -1.404472
3594 0.505775 1.674883
3595 -0.057831 -1.685781
3596 -0.547862 1.481267
3597 1.147885 -1.229159
3598 -1.563362 0.856079
3599 1.817317 -0.332449
3600 -1.891262 -0.262980
3601 1.758688 0.875321
3602 -1.429258 -1.437712
3603 0.922889 1.886315
3604 -0.281211 -2.159926
3605 -0.441441 2.212976
3606 1.170682 -2.021325
3607 -1.835396 1.594148
3608 2.345843 -0.962858
3609 -2.627163 0.175529
3610 2.648623 0.702445
3611 -2.395874 -1.556026
3612 1.845865 2.303124
3613 -1.058602 -2.870419
3614 0.108604 3.175778
3615 0.917391 -3.160625
3616 -1.935433 2.809757
3617 2.835151 -2.126786
3618 -3.524121 1.159615
3619 3.896851 0.029672
3620 -3.893376 -1.341771
3621 3.463966 2.667634
3622 -2.626739 -3.849552
3623 1.384834 4.753358
3624 0.173039 -5.248621
3625 -1.945500 5.270801
3626 3.724102 -4.725713
3627 -5.373785 3.574605
3628 6.709048 -1.807790
3629 -7.613958 -0.399946
3630 7.763440 2.949258
3631 -7.063991 -5.697799
3632 5.380679 8.568073
3633 -2.873809 -11.131446
3634 -0.768646 13.140277
3635 5.481283 -14.080824
3636 -11.948163 14.175265
3637 19.513276 -12.717101
3638 -30.000216 9.643183
3639 45.777525 -0.884224
3640 -91.873729 2.494968
3641 123.300563 -73.142061
3642 -52.400886 131.955199
3643 -15.418138 -85.667621
3644 7.973290 36.501216
3645 3.184371 -22.581762
3646 -8.286290 11.732673
3647 12.074090 -6.753689
3648 -11.433943 2.902342
3649 9.798327 0.633734
3650 -7.622698 -3.619353
3651 5.546442 5.366592
3652 -3.129988 -6.057544
3653 0.753667 6.003667
3654 1.337705 -5.479530
3655 -2.820384 4.425345
3656 3.828793 -2.971649
3657 -4.348636 1.357487
3658 4.389180 0.150373
3659 -3.899436 -1.479466
3660 3.040294 2.554572
3661 -1.946419 -3.295448
3662 0.771858 3.611484
3663 0.407755 -3.521631
3664 -1.463613 3.077160
3665 2.301602 -2.362425
3666 -2.828703 1.449040
3667 3.026377 -0.436458
3668 -2.895763 -0.569663
3669 2.486004 1.454965
3670 -1.842250 -2.137146
3671 1.041172 2.557394
3672 -0.160784 -2.693751
3673 -0.691359 2.543023
3674 1.437277 -2.139560
3675 -2.006200 1.534338
3676 2.344976 -0.803591
3677 -2.421936 0.029032
3678 2.247971 0.707329
3679 -1.851895 -1.335681
3680 1.289641 1.795483
3681 -0.619802 -2.049924
3682 -0.083333 2.084289
3683 0.745819 -1.904481
3684 -1.296614 1.529827
3685 1.693724 -1.009646
3686 -1.904287 0.406528
3687 1.911501 0.211520
3688 -1.716445 -0.784672
3689 1.354169 1.260139
3690 -0.873236 -1.589039
3691 0.322209 1.733917
3692 0.252240 -1.685990
3693 -0.776437 1.463808
3694 1.208494 -1.070009
3695 -1.554443 0.594295
3696 1.698952 -0.138925
3697 -1.598718 -0.358116
3698 1.363519 0.854445
3699 -1.006067 -1.247630
3700 0.565049 1.519073
3701 -0.115369 -1.625808
3702 -0.321110 1.531713
3703 0.738314 -1.260803
3704 -1.100879 0.887911
3705 1.345390 -0.475044
3706 -1.425581 0.041592
3707 1.351992 0.397689
3708 -1.161878 -0.801387
3709 0.875011 1.112253
3710 -0.500459 -1.299938
3711 0.070885 1.357290
3712 0.354542 -1.284687
3713 -0.728497 1.090098
3714 1.020185 -0.781311
3715 -1.207279 0.410132
3716 1.219573 -0.037332
3717 -1.054029 -0.400724
3718 0.872569 0.849237
3719 -0.666659 -1.120058
3720 0.328337 1.220754
3721 0.088369 -1.233143
3722 -0.484039 1.150664
3723 0.816082 -0.945346
3724 -1.065286 0.637640
3725 1.206445 -0.267310
3726 -1.223440 -0.129650
3727 1.106241 0.505511
3728 -0.876328 -0.824615
3729 0.565518 1.053312
3730 -0.187106 -1.160215
3731 -0.213225 1.139210
3732 0.579262 -0.994508
3733 -0.878677 0.740245
3734 1.078832 -0.409243
3735 -1.156354 0.038209
3736 1.108965 0.330388
3737 -0.947033 -0.655850
3738 0.685169 0.906550
3739 -0.351560 -1.060663
3740 -0.007993 1.101267
3741 0.355661 -1.025672
3742 -0.657766 0.849834
3743 0.880006 -0.593294
3744 -0.998791 0.277620
3745 1.013608 0.063176
3746 -0.932605 -0.388255
3747 0.757536 0.666952
3748 -0.502919 -0.882577
3749 0.210662 1.016979
3750 0.074604 -1.041002
3751 -0.339978 0.930814
3752 0.590102 -0.707509
3753 -0.791548 0.428533
3754 0.881108 -0.122542
3755 -0.843901 -0.230866
3756 0.749985 0.624982
3757 -0.669839 -0.961515
3758 0.571191 1.111109
3759 -0.359843 -1.044942
3760 0.003624 0.884162
3761 0.396569 -0.750888
3762 -0.691923 0.625130
3763 0.839777 -0.419813
3764 -0.892867 0.117513
3765 0.887600 0.209890
3766 -0.801552 -0.492196
3767 0.613286 0.715854
3768 -0.353499 -0.882770
3769 0.070981 0.964904
3770 0.214412 -0.932575
3771 -0.489170 0.795519
3772 0.714091 -0.584626
3773 -0.852321 0.318778
3774 0.893314 -0.017130
3775 -0.840795 -0.284256
3776 0.701358 0.547049
3777 -0.484952 -0.746669
3778 0.214624 0.862866
3779 0.074058 -0.880853
3780 -0.349052 0.803009
3781 0.583682 -0.639739
3782 -0.749305 0.410569
3783 0.834642 -0.144981
3784 -0.841338 -0.130889
3785 0.765887 0.389532
3786 -0.611731 -0.604800
3787 0.398692 0.757727
3788 -0.153300 -0.843982
3789 -0.106008 0.842936
3790 0.365411 -0.738851
3791 -0.594569 0.566655
3792 0.763644 -0.358485
3793 -0.859089 0.114365
3794 0.900009 0.111292
3795 -0.793177 -0.254943
3796 0.511265 0.459430
3797 -0.274490 -0.703129
3798 0.079396 0.785497
3799 0.168875 -0.756119
3800 -0.401874 0.665956
3801 0.586752 -0.499829
3802 -0.711118 0.283546
3803 0.756325 -0.048194
3804 -0.708716 -0.181750
3805 0.572984 0.399750
3806 -0.377748 -0.591039
3807 0.159062 0.728109
3808 0.067084 -0.778988
3809 -0.299974 0.732916
3810 0.522398 -0.617780
3811 -0.680955 0.464708
3812 0.729480 -0.262558
3813 -0.684766 -0.020754
3814 0.602758 0.354975
3815 -0.519257 -0.636957
3816 0.403214 0.797585
3817 -0.203943 -0.843754
3818 -0.066616 0.812275
3819 0.340994 -0.731303
3820 -0.567359 0.591220
3821 0.727774 -0.376031
3822 -0.807521 0.108413
3823 0.801799 0.168549
3824 -0.707365 -0.416213
3825 0.527762 0.606797
3826 -0.284915 -0.724500
3827 0.012356 0.762829
3828 0.251150 -0.715977
3829 -0.476818 0.585347
3830 0.648363 -0.391552
3831 -0.750178 0.161629
3832 0.771537 0.081683
3833 -0.718474 -0.312603
3834 0.600910 0.501391
3835 -0.428412 -0.626924
3836 0.214143 0.680514
3837 0.022991 -0.655875
3838 -0.261325 0.560105
3839 0.476370 -0.411979
3840 -0.637263 0.229761
3841 0.714756 -0.021539
3842 -0.751635 -0.212204
3843 0.757149 0.365957
3844 -0.611341 -0.443710
3845 0.383383 0.576770
3846 -0.200922 -0.687341
3847 0.016955 0.700691
3848 0.188187 -0.646198
3849 -0.383633 0.533094
3850 0.535899 -0.369114
3851 -0.643729 0.179248
3852 0.688343 0.026303
3853 -0.649952 -0.251305
3854 0.547343 0.450185
3855 -0.380925 -0.593443
3856 0.169916 0.680876
3857 0.051679 -0.698940
3858 -0.266608 0.642679
3859 0.459836 -0.522077
3860 -0.616415 0.347122
3861 0.720095 -0.134362
3862 -0.750895 -0.092260
3863 0.695743 0.315860
3864 -0.563940 -0.514993
3865 0.377440 0.650694
3866 -0.144777 -0.703899
3867 -0.109953 0.685069
3868 0.328896 -0.603598
3869 -0.452070 0.430595
3870 0.523554 -0.141976
3871 -0.608112 -0.144920
3872 0.617982 0.327139
3873 -0.498379 -0.444581
3874 0.291200 0.531505
3875 -0.048728 -0.595598
3876 -0.175280 0.614471
3877 0.372903 -0.557699
3878 -0.550477 0.442775
3879 0.685170 -0.300185
3880 -0.746619 0.121579
3881 0.732729 0.093140
3882 -0.659452 -0.301631
3883 0.551160 0.480757
3884 -0.418591 -0.604610
3885 0.248478 0.645509
3886 -0.034284 -0.609102
3887 -0.194719 0.517260
3888 0.388403 -0.395260
3889 -0.504718 0.238931
3890 0.531482 -0.055192
3891 -0.482218 -0.123129
3892 0.370960 0.269334
3893 -0.213516 -0.380424
3894 0.090821 0.426589
3895 0.072664 -0.322586
3896 -0.360413 0.275290
3897 0.489238 -0.369242
3898 -0.447323 0.328078
3899 0.448383 -0.179859
3900 -0.466665 0.034385
3901 0.472004 0.115635
3902 -0.453154 -0.254517
3903 0.392377 0.384094
3904 -0.283742 -0.490266
3905 0.136736 0.551557
3906 0.029907 -0.555822
3907 -0.198263 0.502670
3908 0.349175 -0.396200
3909 -0.463517 0.249927
3910 0.529183 -0.079593
3911 -0.553633 -0.103162
3912 0.510143 0.279412
3913 -0.377507 -0.427210
3914 0.204247 0.535042
3915 -0.018033 -0.595834
3916 -0.166894 0.603261
3917 0.330809 -0.553239
3918 -0.471649 0.453029
3919 0.567563 -0.324308
3920 -0.593055 0.179270
3921 0.547478 -0.011387
3922 -0.449884 -0.171292
3923 0.303384 0.334825
3924 -0.082694 -0.471080
3925 -0.190160 0.636195
3926 0.388636 -0.847324
3927 -0.399601 0.971842
3928 0.299364 -0.852108
3929 -0.279735 0.522162
3930 0.396494 -0.191437
3931 -0.508992 0.005756
3932 0.472328 0.077148
3933 -0.304089 -0.151415
3934 0.115947 0.214677
3935 0.047196 -0.207599
3936 -0.204388 0.116352
3937 0.347509 0.009188
3938 -0.437298 -0.130292
3939 0.455612 0.253315
3940 -0.421746 -0.383001
3941 0.366962 0.488442
3942 -0.302276 -0.529822
3943 0.184718 0.528172
3944 -0.009888 -0.506028
3945 -0.166054 0.451086
3946 0.322033 -0.373680
3947 -0.438835 0.274754
3948 0.502456 -0.141007
3949 -0.521643 -0.017602
3950 0.498498 0.175940
3951 -0.429991 -0.318837
3952 0.317835 0.436917
3953 -0.178811 -0.515537
3954 0.033663 0.539694
3955 0.109337 -0.500337
3956 -0.251617 0.400906
3957 0.379593 -0.259323
3958 -0.468447 0.091302
3959 0.509421 0.093595
3960 -0.504090 -0.273365
3961 0.455937 0.416520
3962 -0.370452 -0.505507
3963 0.250552 0.536323
3964 -0.115812 -0.513745
3965 -0.022262 0.430028
3966 0.189648 -0.299278
3967 -0.398232 0.185864
3968 0.538452 -0.183729
3969 -0.406963 0.205940
3970 0.136763 -0.001564
3971 -0.013455 -0.323873
3972 -0.036076 0.533198
3973 0.112667 -0.629136
3974 -0.199401 0.658044
3975 0.297367 -0.631051
3976 -0.375928 0.533620
3977 0.411225 -0.358509
3978 -0.414496 0.126945
3979 0.385524 0.117181
3980 -0.319501 -0.343039
3981 0.237806 0.516422
3982 -0.140092 -0.579553
3983 -0.029518 0.530157
3984 0.286410 -0.475905
3985 -0.520274 0.480212
3986 0.635362 -0.461183
3987 -0.684052 0.351894
3988 0.733519 -0.203282
3989 -0.746853 0.080894
3990 0.676059 0.023171
3991 -0.535867 -0.143130
3992 0.372055 0.274698
3993 -0.226496 -0.374125
3994 0.080303 0.415323
3995 0.063929 -0.418809
3996 -0.154132 0.365338
3997 0.236396 -0.249088
3998 -0.325463 0.129532
3999 0.380304 -0.017646
4000 -0.397436 -0.082669
4001 0.367324 0.163260
4002 -0.284639 -0.234491
4003 0.120554 0.295418
4004 0.082495 -0.343181
4005 -0.232669 0.377349
4006 0.332120 -0.392758
4007 -0.383011 0.365412
4008 0.357439 -0.288088
4009 -0.261751 0.166852
4010 0.139796 -0.008597
4011 -0.017722 -0.147027
4012 -0.130538 0.294788
4013 0.254510 -0.474333
4014 -0.248389 0.619566
4015 0.148775 -0.599849
4016 -0.082814 0.424371
4017 0.095584 -0.199048
4018 -0.127780 -0.000294
4019 0.137255 0.135381
4020 -0.121457 -0.174310
4021 0.025368 0.139577
4022 0.139936 -0.103962
4023 -0.294111 0.064352
4024 0.440452 -0.006596
4025 -0.594996 -0.031541
4026 0.713181 0.037415
4027 -0.761868 -0.052948
4028 0.761485 0.103399
4029 -0.722375 -0.168042
4030 0.633786 0.234449
4031 -0.508696 -0.302630
4032 0.370786 0.357224
4033 -0.238464 -0.372868
4034 0.110655 0.363204
4035 0.029393 -0.316947
4036 -0.160762 0.228554
4037 0.270109 -0.154301
4038 -0.316116 0.140169
4039 0.220120 -0.079753
4040 -0.167781 -0.153950
4041 0.256932 0.327250
4042 -0.231431 -0.320587
4043 0.083423 0.332720
4044 0.034307 -0.360168
4045 -0.118936 0.312016
4046 0.185455 -0.217579
4047 -0.236846 0.122978
4048 0.250441 -0.024242
4049 -0.223397 -0.094423
4050 0.187111 0.228302
4051 -0.129751 -0.367402
4052 0.047206 0.624835
4053 -0.203275 -0.953656
4054 0.576416 0.893840
4055 -0.584092 -0.498093
4056 0.295265 0.316765
4057 -0.144916 -0.319616
4058 0.080352 0.233019
4059 -0.012706 -0.094911
4060 -0.036127 -0.020416
4061 0.041314 0.133943
4062 -0.018445 -0.247136
4063 -0.008925 0.339065
4064 0.045090 -0.395927
4065 -0.091460 0.420817
4066 0.174558 -0.448376
4067 -0.267051 0.485557
4068 0.317528 -0.491841
4069 -0.368826 0.432017
4070 0.448311 -0.322040
4071 -0.512691 0.229318
4072 0.541891 -0.154117
4073 -0.550039 0.052304
4074 0.543140 0.067443
4075 -0.516105 -0.196473
4076 0.448359 0.310913
4077 -0.348184 -0.367226
4078 0.265903 0.411521
4079 -0.183831 -0.484119
4080 0.069973 0.545940
4081 0.062927 -0.582707
4082 -0.197277 0.586194
4083 0.304697 -0.555965
4084 -0.374751 0.520106
4085 0.413302 -0.484100
4086 -0.424111 0.422067
4087 0.405981 -0.359808
4088 -0.335528 0.330902
4089 0.202322 -0.310978
4090 -0.071228 0.248292
4091 0.007891 -0.171196
4092 0.029160 0.152065
4093 -0.070371 -0.117533
4094 0.061046 0.037763
4095 -0.011198 0.000919
