0 -0.019421 0.000000
1 0.005246 -0.002154
2 0.018282 0.000588
3 -0.022616 0.019524
4 -0.001665 -0.056125
5 0.049016 0.093476
6 -0.105685 -0.119020
7 0.158567 0.124569
8 -0.198716 -0.094261
9 0.197845 0.035471
10 -0.165451 -0.010893
11 0.168366 0.042473
12 -0.225657 -0.071239
13 0.282846 0.060707
14 -0.293886 -0.038303
15 0.279117 0.048694
16 -0.270898 -0.110936
17 0.281598 0.184300
18 -0.292580 -0.216373
19 0.262048 0.214946
20 -0.188800 -0.231903
21 0.113244 0.293903
22 -0.070605 -0.351639
23 0.044235 0.343304
24 0.017374 -0.280813
25 -0.113736 0.226107
26 0.176761 -0.203776
27 -0.177205 0.169666
28 0.157082 -0.083857
29 -0.142166 -0.028862
30 0.112251 0.104905
31 -0.069164 -0.123233
32 0.016376 0.113887
33 0.061940 -0.106420
34 -0.125055 0.103712
35 0.146805 -0.076769
36 -0.159488 0.013912
37 0.183855 0.065336
38 -0.209981 -0.132622
39 0.209935 0.175086
40 -0.163804 -0.209342
41 0.068830 0.239134
42 0.045863 -0.239973
43 -0.140797 0.215755
44 0.215113 -0.178065
45 -0.266335 0.111379
46 0.282819 -0.021339
47 -0.264472 -0.071433
48 0.211811 0.149095
49 -0.131731 -0.199671
50 0.031707 0.207904
51 0.075768 -0.182100
52 -0.161766 0.151976
53 0.226167 -0.095022
54 -0.265434 -0.005199
55 0.307560 0.165819
56 -0.411405 -0.262940
57 0.417652 0.210053
58 -0.275213 -0.217986
59 0.160061 0.298875
60 -0.071974 -0.331648
61 -0.038836 0.321115
62 0.146599 -0.251648
63 -0.226065 0.150936
64 0.266464 -0.053247
65 -0.265150 -0.051629
66 0.229787 0.160984
67 -0.177197 -0.258373
68 0.120197 0.321828
69 -0.047209 -0.335141
70 -0.057263 0.319779
71 0.162021 -0.305644
72 -0.227910 0.276200
73 0.267712 -0.200166
74 -0.311474 0.097790
75 0.341398 -0.003761
76 -0.325105 -0.086728
77 0.280367 0.174779
78 -0.210417 -0.253633
79 0.098659 0.331981
80 0.014039 -0.381746
81 -0.125623 0.334147
82 0.322870 -0.202783
83 -0.601882 0.146951
84 0.745515 -0.242351
85 -0.614434 0.286423
86 0.407575 -0.122838
87 -0.313392 -0.090188
88 0.251670 0.198317
89 -0.139223 -0.242173
90 0.009537 0.269226
91 0.087213 -0.282120
92 -0.156912 0.262954
93 0.234134 -0.193732
94 -0.286693 0.100562
95 0.296328 0.004727
96 -0.285058 -0.123076
97 0.251139 0.230403
98 -0.176799 -0.313053
99 0.072326 0.386573
100 0.038786 -0.425428
101 -0.160528 0.394019
102 0.275830 -0.317471
103 -0.380193 0.203034
104 0.460156 -0.057447
105 -0.473323 -0.101311
106 0.420921 0.262669
107 -0.315218 -0.405292
108 0.156887 0.510155
109 0.042690 -0.575936
110 -0.260659 0.572370
111 0.540215 -0.543424
112 -0.709128 0.615702
113 0.595400 -0.536272
114 -0.518819 0.182034
115 0.556064 0.122864
116 -0.505378 -0.323865
117 0.377438 0.483562
118 -0.202836 -0.572492
119 0.003359 0.583160
120 0.200932 -0.511977
121 -0.375740 0.372525
122 0.467932 -0.175380
123 -0.490843 -0.046137
124 0.464252 0.264733
125 -0.374491 -0.467760
126 0.240638 0.611009
127 -0.071515 -0.655176
128 -0.105887 0.625579
129 0.246576 -0.551983
130 -0.367356 0.415506
131 0.474154 -0.242656
132 -0.531940 0.078080
133 0.525865 0.084537
134 -0.469182 -0.245958
135 0.372554 0.388066
136 -0.237398 -0.498041
137 0.070793 0.569066
138 0.114949 -0.589733
139 -0.304198 0.550628
140 0.474388 -0.447383
141 -0.603610 0.280673
142 0.673986 -0.068661
143 -0.665989 -0.158202
144 0.570342 0.372747
145 -0.400817 -0.549444
146 0.177434 0.660505
147 0.077239 -0.689502
148 -0.333591 0.620694
149 0.581228 -0.485746
150 -0.732531 0.337386
151 0.734337 -0.109668
152 -0.687366 -0.194201
153 0.595749 0.468699
154 -0.432951 -0.665115
155 0.232198 0.776053
156 -0.003764 -0.817829
157 -0.231165 0.785746
158 0.444004 -0.673759
159 -0.615723 0.495759
160 0.724998 -0.268523
161 -0.754840 0.001568
162 0.716792 0.296660
163 -0.639416 -0.565785
164 0.477803 0.725368
165 -0.181951 -0.823099
166 -0.164850 0.928181
167 0.435529 -1.046066
168 -0.469531 1.045796
169 0.416048 -0.673665
170 -0.582679 0.166451
171 0.730748 0.143425
172 -0.648684 -0.403975
173 0.457238 0.683955
174 -0.204224 -0.902274
175 -0.087021 1.021886
176 0.386229 -1.005664
177 -0.682289 0.850767
178 0.937838 -0.593064
179 -1.097983 0.268179
180 1.132932 0.104923
181 -1.037243 -0.486576
182 0.815058 0.819296
183 -0.498807 -1.062822
184 0.117238 1.184797
185 0.302319 -1.147179
186 -0.692256 0.964434
187 0.991384 -0.669736
188 -1.175262 0.295443
189 1.218952 0.114040
190 -1.116740 -0.513652
191 0.887859 0.864754
192 -0.572104 -1.123110
193 0.198799 1.253282
194 0.199447 -1.238958
195 -0.588462 1.091212
196 0.922404 -0.821662
197 -1.169516 0.459766
198 1.297156 -0.006010
199 -1.404354 -0.477750
200 1.392322 0.737743
201 -0.969426 -0.912267
202 0.398320 1.258288
203 0.065062 -1.495831
204 -0.550312 1.502961
205 1.021835 -1.332948
206 -1.417861 0.980074
207 1.688503 -0.469409
208 -1.797719 -0.130173
209 1.681600 0.757527
210 -1.320918 -1.347302
211 0.720227 1.868082
212 0.028701 -2.241927
213 -0.863815 2.401570
214 1.666106 -2.241232
215 -2.424768 1.765229
216 3.031624 -0.943509
217 -3.431820 -0.115191
218 3.403424 1.417384
219 -2.974222 -2.763316
220 1.805844 4.273019
221 -0.120023 -5.576039
222 -2.959711 7.118693
223 6.812638 -7.439292
224 -20.577311 10.638034
225 27.527517 -37.760013
226 3.161406 54.911307
227 -24.756991 -30.385022
228 13.945457 11.409196
229 -5.466902 -9.521953
230 2.069479 7.541010
231 0.501934 -6.105847
232 -1.869308 4.542488
233 2.743144 -3.158369
234 -3.029811 1.815096
235 3.011527 -0.700219
236 -2.659643 -0.245107
237 2.158505 0.944628
238 -1.534935 -1.431058
239 0.908012 1.677652
240 -0.303179 -1.728301
241 -0.211443 1.589598
242 0.627709 -1.322699
243 -0.916319 0.959247
244 1.080408 -0.580940
245 -1.085619 0.208978
246 0.980672 0.163162
247 -0.803447 -0.486712
248 0.577878 0.686667
249 -0.309667 -0.770501
250 0.031523 0.763031
251 0.213540 -0.696073
252 -0.375670 0.570649
253 0.453410 -0.386776
254 -0.469210 0.167689
255 0.431345 0.042191
256 -0.333180 -0.221280
257 0.205972 0.360353
258 -0.079892 -0.453796
259 -0.027075 0.482967
260 0.118571 -0.443683
261 -0.199765 0.356449
262 0.266000 -0.251199
263 -0.299350 0.144942
264 0.290980 -0.044308
265 -0.250324 -0.052710
266 0.196786 0.132421
267 -0.132382 -0.177324
268 0.056811 0.188934
269 0.018160 -0.177959
270 -0.076037 0.146118
271 0.111943 -0.097618
272 -0.123676 0.039867
273 0.114036 0.014709
274 -0.085946 -0.057535
275 0.038151 0.076407
276 0.017514 -0.071078
277 -0.057445 0.057422
278 0.089015 -0.030836
279 -0.124882 -0.010332
280 0.164528 0.033758
281 -0.179192 0.004377
282 0.107652 -0.083191
283 0.031009 0.096392
284 -0.120520 -0.034191
285 0.130526 -0.004799
286 -0.121956 -0.005061
287 0.115301 0.028631
288 -0.101146 -0.053044
289 0.080729 0.071220
290 -0.053013 -0.076636
291 0.019266 0.071810
292 0.011505 -0.058518
293 -0.035365 0.033414
294 0.053223 0.002702
295 -0.061641 -0.039225
296 0.052930 0.066914
297 -0.030248 -0.084523
298 -0.000802 0.087481
299 0.022677 -0.065361
300 -0.060710 -0.020850
301 0.172616 0.100103
302 -0.249181 -0.100385
303 0.231708 0.123934
304 -0.204115 -0.181853
305 0.168267 0.218854
306 -0.122859 -0.237120
307 0.066710 0.236194
308 0.012496 -0.216975
309 -0.085086 0.175730
310 0.138426 -0.117061
311 -0.173273 0.049275
312 0.181383 0.023704
313 -0.163668 -0.097482
314 0.124954 0.161943
315 -0.067151 -0.206477
316 -0.004710 0.226527
317 0.081501 -0.220151
318 -0.153547 0.186408
319 0.211131 -0.126893
320 -0.244987 0.047927
321 0.249145 0.039472
322 -0.223358 -0.125040
323 0.173100 0.199249
324 -0.106070 -0.253422
325 0.031252 0.286342
326 0.040739 -0.302808
327 -0.092548 0.306414
328 0.106924 -0.283390
329 -0.108487 0.210524
330 0.136074 -0.113979
331 -0.171407 0.036380
332 0.184046 0.026377
333 -0.175572 -0.084932
334 0.153939 0.133362
335 -0.115802 -0.162605
336 0.051415 0.156153
337 0.053842 -0.109028
338 -0.208653 0.068376
339 0.357828 -0.068000
340 -0.421789 0.058550
341 0.402568 0.013672
342 -0.347826 -0.135832
343 0.271908 0.255275
344 -0.164137 -0.338562
345 0.025303 0.378587
346 0.122668 -0.369496
347 -0.253223 0.305246
348 0.352204 -0.188439
349 -0.411897 0.034585
350 0.422167 0.128459
351 -0.373374 -0.275519
352 0.266849 0.395552
353 -0.121152 -0.476273
354 -0.041056 0.503358
355 0.202139 -0.471211
356 -0.347564 0.381066
357 0.459130 -0.243952
358 -0.518326 0.080868
359 0.518363 0.092099
360 -0.459761 -0.261714
361 0.347660 0.406246
362 -0.195793 -0.502389
363 0.016983 0.536282
364 0.172490 -0.510344
365 -0.346078 0.428914
366 0.481518 -0.295373
367 -0.566644 0.120496
368 0.589675 0.077353
369 -0.542731 -0.266761
370 0.431571 0.430014
371 -0.271254 -0.559104
372 0.073593 0.631197
373 0.142166 -0.636062
374 -0.363423 0.570530
375 0.563813 -0.482467
376 -0.631652 0.361664
377 0.604681 -0.099681
378 -0.602347 -0.200911
379 0.542684 0.417460
380 -0.387855 -0.581797
381 0.181759 0.685721
382 0.053495 -0.710422
383 -0.286400 0.650898
384 0.483660 -0.512259
385 -0.614778 0.313444
386 0.670152 -0.077047
387 -0.645046 -0.165813
388 0.539672 0.383145
389 -0.367716 -0.546224
390 0.146114 0.637603
391 0.097786 -0.653722
392 -0.325263 0.594084
393 0.506068 -0.456704
394 -0.628537 0.250245
395 0.692398 -0.000458
396 -0.694359 -0.247765
397 0.621518 0.454901
398 -0.471844 -0.607156
399 0.262276 0.701020
400 -0.006351 -0.708121
401 -0.286524 0.652894
402 0.534992 -0.572554
403 -0.690636 0.413999
404 0.787052 -0.177628
405 -0.812740 -0.080587
406 0.749089 0.340617
407 -0.606421 -0.578866
408 0.394694 0.765870
409 -0.130922 -0.873194
410 -0.160413 0.889162
411 0.448651 -0.810257
412 -0.704577 0.640982
413 0.894162 -0.391435
414 -0.994417 0.081406
415 0.992289 0.258089
416 -0.884986 -0.584412
417 0.671410 0.861864
418 -0.368880 -1.060327
419 0.007715 1.154886
420 0.374571 -1.125672
421 -0.737310 0.976070
422 1.028573 -0.713818
423 -1.218506 0.353426
424 1.289486 0.073308
425 -1.228798 -0.509896
426 1.023544 0.909978
427 -0.688294 -1.225856
428 0.245293 1.422397
429 0.256468 -1.472137
430 -0.763926 1.369603
431 1.215375 -1.096565
432 -1.572135 0.670643
433 1.778638 -0.132935
434 -1.800349 -0.449958
435 1.603134 1.032689
436 -1.206956 -1.526830
437 0.627617 1.871826
438 0.064286 -1.978889
439 -0.835707 1.816215
440 1.570048 -1.337167
441 -2.179976 0.595511
442 2.472562 0.460492
443 -2.430175 -1.736269
444 1.879551 3.229145
445 -0.839067 -4.634732
446 -1.076853 6.052037
447 3.658363 -6.940487
448 -7.962503 7.732154
449 13.583260 -6.111294
450 -33.553531 6.929492
451 49.796891 -40.152660
452 -17.388382 70.468369
453 -16.163566 -49.322113
454 11.829624 23.699829
455 -3.244081 -16.546342
456 -0.775149 12.002980
457 3.614358 -8.715703
458 -5.031059 5.756632
459 5.728833 -3.261866
460 -5.668757 1.074168
461 5.157667 0.656786
462 -4.207321 -1.990316
463 3.042866 2.878187
464 -1.779763 -3.374067
465 0.586162 3.442803
466 0.499290 -3.158371
467 -1.374975 2.597014
468 1.995175 -1.862876
469 -2.323790 1.020249
470 2.388582 -0.180038
471 -2.196281 -0.571323
472 1.794099 1.160553
473 -1.233758 -1.568246
474 0.607195 1.779673
475 0.002709 -1.790338
476 -0.531435 1.598610
477 0.955593 -1.250566
478 -1.241698 0.811454
479 1.364006 -0.346861
480 -1.316839 -0.102826
481 1.131419 0.495334
482 -0.843020 -0.794083
483 0.494603 0.973647
484 -0.125323 -1.032360
485 -0.219401 0.969931
486 0.514229 -0.796286
487 -0.735078 0.545948
488 0.856194 -0.259809
489 -0.869239 -0.039588
490 0.780100 0.321978
491 -0.599859 -0.566331
492 0.366448 0.760850
493 -0.121664 -0.880146
494 -0.110016 0.893220
495 0.326734 -0.800824
496 -0.517061 0.635640
497 0.652100 -0.432092
498 -0.706763 0.205353
499 0.685728 0.028905
500 -0.596549 -0.228858
501 0.423303 0.390033
502 -0.226432 -0.538818
503 0.064160 0.605307
504 0.108264 -0.567440
505 -0.278439 0.479676
506 0.406389 -0.352315
507 -0.483200 0.197716
508 0.502154 -0.035881
509 -0.464590 -0.119341
510 0.379608 0.250857
511 -0.261948 -0.348772
512 0.124139 0.405359
513 0.020875 -0.414136
514 -0.152773 0.378825
515 0.259005 -0.306102
516 -0.331913 0.203837
517 0.363563 -0.086501
518 -0.353678 -0.031824
519 0.309057 0.133090
520 -0.230627 -0.205029
521 0.124372 0.246228
522 -0.008518 -0.257915
523 -0.099905 0.236862
524 0.193803 -0.182225
525 -0.265250 0.101741
526 0.313339 -0.006834
527 -0.333086 -0.073415
528 0.300326 0.132137
529 -0.229792 -0.190889
530 0.153353 0.235090
531 -0.072298 -0.246514
532 -0.010158 0.226466
533 0.084096 -0.183424
534 -0.137949 0.126711
535 0.165589 -0.061228
536 -0.168377 -0.007805
537 0.150282 0.072945
538 -0.114704 -0.124084
539 0.065048 0.152728
540 -0.006847 -0.160949
541 -0.049677 0.152973
542 0.095782 -0.127349
543 -0.127352 0.087395
544 0.141714 -0.040041
545 -0.137716 -0.009565
546 0.118528 0.055005
547 -0.086249 -0.089095
548 0.044567 0.108132
549 -0.001623 -0.112448
550 -0.036000 0.101687
551 0.064108 -0.077860
552 -0.081561 0.045494
553 0.087236 -0.011460
554 -0.080438 -0.018444
555 0.063166 0.041034
556 -0.039364 -0.055245
557 0.015758 0.060930
558 0.005260 -0.058596
559 -0.022078 0.049255
560 0.031292 -0.033890
561 -0.032496 0.016396
562 0.028422 -0.002870
563 -0.018431 -0.006057
564 0.000741 0.013365
565 0.017318 -0.016365
566 -0.029973 0.013415
567 0.038388 -0.008711
568 -0.037910 0.002835
569 0.024700 0.005697
570 -0.003187 -0.016516
571 -0.021267 0.026354
572 0.046702 -0.030409
573 -0.069687 0.025780
574 0.086620 -0.014246
575 -0.094176 -0.002170
576 0.090431 0.024539
577 -0.077117 -0.049143
578 0.057319 0.069567
579 -0.030796 -0.082836
580 -0.002441 0.085902
581 0.037979 -0.077496
582 -0.067752 0.059622
583 0.087642 -0.034554
584 -0.097893 0.001293
585 0.095096 0.036266
586 -0.078152 -0.071134
587 0.050083 0.098747
588 -0.014468 -0.113220
589 -0.025666 0.116383
590 0.068133 -0.110189
591 -0.106218 0.087598
592 0.132646 -0.049360
593 -0.145395 0.001763
594 0.144438 0.049086
595 -0.127540 -0.096729
596 0.092394 0.137526
597 -0.041947 -0.167556
598 -0.016629 0.181011
599 0.077191 -0.173108
600 -0.136011 0.144407
601 0.176035 -0.098821
602 -0.191422 0.020143
603 0.206366 0.071697
604 -0.195822 -0.139571
605 0.138593 0.200648
606 -0.060554 -0.252868
607 -0.027574 0.276301
608 0.118746 -0.264662
609 -0.203590 0.214777
610 0.271314 -0.134414
611 -0.309548 0.034311
612 0.311011 0.072967
613 -0.272303 -0.174951
614 0.196041 0.257374
615 -0.088068 -0.311801
616 -0.033291 0.334466
617 0.148137 -0.315561
618 -0.251128 0.253059
619 0.331312 -0.159949
620 -0.370462 0.049167
621 0.364790 0.070405
622 -0.318312 -0.186934
623 0.234979 0.282774
624 -0.121237 -0.347424
625 -0.010866 0.377004
626 0.145346 -0.368548
627 -0.266919 0.318994
628 0.364092 -0.229112
629 -0.427919 0.104458
630 0.454087 0.040556
631 -0.435761 -0.188076
632 0.369631 0.321716
633 -0.255953 -0.425029
634 0.102600 0.487260
635 0.072841 -0.504020
636 -0.247733 0.464070
637 0.402901 -0.361830
638 -0.522060 0.207082
639 0.588164 -0.019799
640 -0.580402 -0.182769
641 0.494883 0.384108
642 -0.342211 -0.558801
643 0.138999 0.676865
644 0.097468 -0.718428
645 -0.342034 0.671409
646 0.566053 -0.539716
647 -0.741709 0.337602
648 0.844777 -0.087282
649 -0.850567 -0.187253
650 0.754450 0.458808
651 -0.564109 -0.697763
652 0.297984 0.868531
653 0.020474 -0.946639
654 -0.352936 0.906873
655 0.675452 -0.727285
656 -0.978165 0.405778
657 1.267310 0.012193
658 -1.521227 -0.438383
659 1.665725 0.763427
660 -1.589331 -0.974070
661 1.287932 1.121693
662 -0.838595 -1.214285
663 0.328850 1.192927
664 0.194520 -1.035697
665 -0.640182 0.718800
666 0.959213 -0.237547
667 -1.099262 -0.402977
668 1.038764 1.100335
669 -0.655889 -1.815151
670 -0.027071 2.465757
671 1.061256 -2.997767
672 -2.360361 3.173366
673 4.159659 -2.987177
674 -6.205036 2.095235
675 9.289402 -0.532034
676 -12.865883 -2.907899
677 25.399050 7.691011
678 -42.434907 6.656377
679 32.559766 -29.830681
680 -10.945137 27.164541
681 6.148905 -14.387025
682 -6.907318 8.625051
683 6.654978 -4.879730
684 -6.157488 2.222502
685 5.184022 -0.077316
686 -4.118573 -1.516277
687 2.939883 2.627982
688 -1.799748 -3.194890
689 0.652309 3.303199
690 0.409401 -3.062233
691 -1.294138 2.604114
692 1.895763 -1.947733
693 -2.241838 1.168739
694 2.327370 -0.362118
695 -2.167943 -0.384105
696 1.795216 1.032268
697 -1.290429 -1.523536
698 0.709543 1.808848
699 -0.105715 -1.859251
700 -0.489668 1.702556
701 1.014444 -1.375633
702 -1.464584 0.948917
703 1.733201 -0.569408
704 -1.664504 0.162899
705 1.434112 0.369045
706 -1.175722 -0.821816
707 0.813429 1.105183
708 -0.383296 -1.243739
709 -0.061649 1.237870
710 0.473013 -1.108000
711 -0.801881 0.874364
712 1.019591 -0.557758
713 -1.119430 0.195675
714 1.101015 0.167991
715 -0.974214 -0.494041
716 0.754957 0.750305
717 -0.467730 -0.912430
718 0.141376 0.973484
719 0.185436 -0.942834
720 -0.469388 0.826122
721 0.681839 -0.623582
722 -0.817533 0.354658
723 0.873556 -0.059382
724 -0.839214 -0.218688
725 0.710116 0.455828
726 -0.507066 -0.639367
727 0.263047 0.751022
728 -0.007120 -0.775771
729 -0.235877 0.713660
730 0.441747 -0.575354
731 -0.592422 0.380543
732 0.672846 -0.155386
733 -0.676368 -0.074847
734 0.606393 0.286420
735 -0.473101 -0.454300
736 0.292572 0.562875
737 -0.084510 -0.609893
738 -0.126571 0.592885
739 0.313487 -0.510083
740 -0.457155 0.373091
741 0.542751 -0.196641
742 -0.565081 -0.000756
743 0.525261 0.190245
744 -0.424602 -0.350122
745 0.275641 0.468595
746 -0.102171 -0.531009
747 -0.076092 0.527481
748 0.241134 -0.460502
749 -0.372517 0.341939
750 0.456302 -0.187941
751 -0.486475 0.020079
752 0.457436 0.137038
753 -0.368959 -0.276928
754 0.250157 0.395778
755 -0.125469 -0.456151
756 -0.015223 0.450100
757 0.158860 -0.404119
758 -0.277471 0.324036
759 0.358943 -0.214887
760 -0.397640 0.088272
761 0.393971 0.044567
762 -0.352358 -0.169000
763 0.276994 0.270105
764 -0.173870 -0.338360
765 0.053571 0.369285
766 0.070355 -0.358938
767 -0.184163 0.307500
768 0.275262 -0.226503
769 -0.333670 0.123756
770 0.353082 -0.005938
771 -0.330660 -0.111512
772 0.268136 0.216376
773 -0.175226 -0.294303
774 0.063263 0.332893
775 0.056607 -0.329421
776 -0.168231 0.287667
777 0.256271 -0.214401
778 -0.311135 0.116832
779 0.327144 -0.006696
780 -0.304080 -0.100345
781 0.246874 0.190013
782 -0.164222 -0.252541
783 0.066543 0.285711
784 0.032955 -0.288031
785 -0.122051 0.257168
786 0.193409 -0.197017
787 -0.241368 0.119558
788 0.262854 -0.036269
789 -0.256515 -0.045993
790 0.222844 0.119263
791 -0.166741 -0.179384
792 0.094388 0.221338
793 -0.014291 -0.238714
794 -0.064795 0.230449
795 0.136247 -0.196887
796 -0.192503 0.143443
797 0.227839 -0.076123
798 -0.234584 0.001228
799 0.205896 0.072565
800 -0.151752 -0.138555
801 0.084408 0.187971
802 -0.010773 -0.208125
803 -0.071221 0.192449
804 0.152100 -0.161945
805 -0.197792 0.120596
806 0.210177 -0.049377
807 -0.206612 -0.033520
808 0.180552 0.105320
809 -0.132448 -0.158508
810 0.071301 0.188994
811 -0.005512 -0.197120
812 -0.057195 0.180886
813 0.107925 -0.144614
814 -0.141132 0.094376
815 0.155396 -0.036292
816 -0.150333 -0.020034
817 0.127561 0.068762
818 -0.091278 -0.104877
819 0.047264 0.123568
820 -0.001471 -0.124797
821 -0.041236 0.110082
822 0.076354 -0.080845
823 -0.099196 0.039871
824 0.108612 0.009495
825 -0.107350 -0.057260
826 0.095376 0.094316
827 -0.071254 -0.119271
828 0.042614 0.132334
829 -0.015634 -0.121355
830 -0.033494 0.086163
831 0.092723 -0.066009
832 -0.115203 0.055136
833 0.112517 -0.023066
834 -0.106378 -0.017758
835 0.092034 0.052580
836 -0.067740 -0.076561
837 0.035940 0.090266
838 -0.000381 -0.094099
839 -0.035878 0.086544
840 0.067122 -0.069229
841 -0.086105 0.044596
842 0.090823 -0.013333
843 -0.085664 -0.021701
844 0.070029 0.052499
845 -0.042150 -0.073085
846 0.008206 0.082889
847 0.023714 -0.082523
848 -0.050758 0.070281
849 0.070561 -0.048039
850 -0.077333 0.020870
851 0.069281 0.008089
852 -0.050992 -0.037532
853 0.025152 0.061299
854 0.003145 -0.072937
855 -0.030224 0.069458
856 0.055535 -0.051326
857 -0.075093 0.024142
858 0.082263 0.010234
859 -0.076724 -0.049381
860 0.060970 0.079561
861 -0.034523 -0.096536
862 -0.000984 0.104174
863 0.038878 -0.099455
864 -0.075029 0.078263
865 0.107160 -0.044423
866 -0.128715 0.006422
867 0.128521 0.031039
868 -0.105367 -0.070211
869 0.064869 0.108355
870 -0.015688 -0.137083
871 -0.035072 0.148455
872 0.087231 -0.139928
873 -0.141100 0.110153
874 0.189699 -0.063314
875 -0.228227 0.010962
876 0.246328 0.038776
877 -0.238885 -0.090073
878 0.210378 0.136529
879 -0.165282 -0.168395
880 0.105388 0.187724
881 -0.049580 -0.196940
882 0.008655 0.176082
883 0.024347 -0.121211
884 -0.054155 0.053376
885 0.058718 0.006583
886 -0.029105 -0.058378
887 -0.030159 0.092643
888 0.097707 -0.097258
889 -0.162502 0.048304
890 0.216203 0.067795
891 -0.264511 -0.247347
892 0.254839 0.450955
893 -0.151266 -0.697629
894 -0.053330 0.980815
895 0.331395 -1.251241
896 -0.767345 1.427287
897 1.333206 -1.537295
898 -2.080544 1.463473
899 2.957927 -1.221211
900 -4.151108 0.601080
901 5.377680 0.444366
902 -8.913658 -3.618228
903 18.313218 1.413854
904 -19.426517 10.750126
905 8.579228 -14.289493
906 -3.865110 7.914586
907 4.488833 -4.600669
908 -4.214795 2.909393
909 4.031998 -1.478336
910 -3.536389 0.585938
911 2.832732 0.127514
912 -1.999870 -0.642638
913 1.175229 1.005254
914 -0.427841 -1.201681
915 -0.129960 1.207766
916 0.548169 -0.975282
917 -0.867678 0.614812
918 1.058208 -0.237124
919 -1.069781 -0.120001
920 0.945611 0.447882
921 -0.717396 -0.688801
922 0.408337 0.821011
923 -0.052643 -0.853698
924 -0.291610 0.806691
925 0.568742 -0.680676
926 -0.742682 0.468782
927 0.827549 -0.180075
928 -0.843510 -0.125719
929 0.777958 0.387343
930 -0.612078 -0.589298
931 0.375287 0.738913
932 -0.114414 -0.818558
933 -0.138321 0.807936
934 0.364023 -0.703233
935 -0.544286 0.516718
936 0.667845 -0.273668
937 -0.723346 0.012497
938 0.696504 0.234955
939 -0.582183 -0.452167
940 0.399856 0.624862
941 -0.177315 -0.732107
942 -0.057901 0.762668
943 0.279186 -0.711105
944 -0.465809 0.576749
945 0.611135 -0.376026
946 -0.706324 0.147950
947 0.725905 0.073091
948 -0.652002 -0.278989
949 0.504461 0.464589
950 -0.321009 -0.604304
951 0.121929 0.669684
952 0.089257 -0.655190
953 -0.294981 0.574910
954 0.463050 -0.444042
955 -0.569128 0.276057
956 0.605944 -0.083385
957 -0.577382 -0.116904
958 0.492524 0.300875
959 -0.360137 -0.446185
960 0.193013 0.539182
961 -0.013612 -0.571250
962 -0.157496 0.539905
963 0.307152 -0.452304
964 -0.419255 0.321390
965 0.484401 -0.159940
966 -0.500850 -0.012995
967 0.464080 0.173820
968 -0.375685 -0.307095
969 0.249372 0.405021
970 -0.101583 -0.454818
971 -0.053042 0.447322
972 0.198233 -0.389646
973 -0.316283 0.297481
974 0.392081 -0.179226
975 -0.417606 0.040685
976 0.393461 0.099892
977 -0.325528 -0.223414
978 0.225925 0.318278
979 -0.107719 -0.371567
980 -0.019577 0.377913
981 0.140416 -0.342144
982 -0.237105 0.268022
983 0.306244 -0.169171
984 -0.343159 0.062254
985 0.342214 0.047603
986 -0.307556 -0.149941
987 0.243534 0.233787
988 -0.157449 -0.294979
989 0.058607 0.329486
990 0.045290 -0.333712
991 -0.146837 0.305259
992 0.236027 -0.245468
993 -0.302821 0.159784
994 0.341252 -0.055799
995 -0.346280 -0.058277
996 0.315553 0.171773
997 -0.251556 -0.269173
998 0.158249 0.339020
999 -0.038807 -0.374751
1000 -0.090815 0.367904
1001 0.208316 -0.315563
1002 -0.302847 0.225724
1003 0.365599 -0.108025
1004 -0.386003 -0.025121
1005 0.360519 0.157048
1006 -0.296475 -0.269771
1007 0.194591 0.344442
1008 -0.060706 -0.379802
1009 -0.076545 0.375648
1010 0.200364 -0.324603
1011 -0.301565 0.235591
1012 0.365882 -0.119990
1013 -0.385606 -0.011754
1014 0.358310 0.141510
1015 -0.289359 -0.252316
1016 0.187012 0.332133
1017 -0.063051 -0.371843
1018 -0.066302 0.366661
1019 0.187927 -0.317506
1020 -0.287652 0.232278
1021 0.352136 -0.121939
1022 -0.373723 -0.002041
1023 0.350984 0.125765
1024 -0.286818 -0.233752
1025 0.187565 0.312792
1026 -0.068083 -0.352661
1027 -0.055658 0.348730
1028 0.171505 -0.303765
1029 -0.265346 0.223238
1030 0.323298 -0.118105
1031 -0.339859 0.002967
1032 0.314923 0.110060
1033 -0.253306 -0.205574
1034 0.164730 0.268923
1035 -0.059234 -0.296643
1036 -0.047708 0.290775
1037 0.140722 -0.252569
1038 -0.212292 0.186221
1039 0.256889 -0.102686
1040 -0.270515 0.014968
1041 0.254398 0.068746
1042 -0.213460 -0.141514
1043 0.154095 0.197214
1044 -0.081893 -0.232928
1045 0.003021 0.244897
1046 0.075090 -0.232666
1047 -0.145670 0.197708
1048 0.201669 -0.142999
1049 -0.237817 0.075716
1050 0.253126 0.001469
1051 -0.243084 -0.083516
1052 0.203603 0.159169
1053 -0.140214 -0.220259
1054 0.060286 0.259411
1055 0.029631 -0.268914
1056 -0.120330 0.246107
1057 0.200656 -0.194459
1058 -0.259464 0.120735
1059 0.284128 -0.031390
1060 -0.271116 -0.066548
1061 0.226467 0.157974
1062 -0.155305 -0.228012
1063 0.067568 0.268172
1064 0.025359 -0.273749
1065 -0.115495 0.244219
1066 0.192949 -0.184616
1067 -0.248036 0.106449
1068 0.269968 -0.020842
1069 -0.254817 -0.064726
1070 0.213684 0.141733
1071 -0.156179 -0.199095
1072 0.081622 0.228424
1073 0.003542 -0.231381
1074 -0.083228 0.212689
1075 0.149321 -0.173642
1076 -0.201208 0.116670
1077 0.231908 -0.049645
1078 -0.234895 -0.019307
1079 0.211267 0.085892
1080 -0.165939 -0.145674
1081 0.106452 0.194362
1082 -0.037026 -0.226047
1083 -0.039643 0.231668
1084 0.114214 -0.209057
1085 -0.177791 0.160551
1086 0.222676 -0.089873
1087 -0.242749 0.004150
1088 0.234190 0.086393
1089 -0.196295 -0.169913
1090 0.133672 0.233647
1091 -0.052302 -0.264598
1092 -0.044762 0.257658
1093 0.147191 -0.221761
1094 -0.234621 0.164094
1095 0.288030 -0.085247
1096 -0.303586 -0.013283
1097 0.285442 0.120225
1098 -0.236210 -0.218205
1099 0.161751 0.292895
1100 -0.072770 -0.333059
1101 -0.028911 0.331492
1102 0.135408 -0.296926
1103 -0.226604 0.238860
1104 0.286895 -0.158337
1105 -0.316320 0.060991
1106 0.308416 0.034541
1107 -0.255693 -0.123522
1108 0.172515 0.202280
1109 -0.076535 -0.253646
1110 -0.028559 0.265903
1111 0.131961 -0.241746
1112 -0.224514 0.187942
1113 0.287980 -0.114368
1114 -0.318610 0.020975
1115 0.318095 0.079773
1116 -0.307031 -0.172983
1117 0.286786 0.224501
1118 -0.246609 -0.231462
1119 0.192342 0.214018
1120 -0.181700 -0.177924
1121 0.197566 0.088453
1122 -0.245176 -0.006280
1123 0.351542 -0.043403
1124 -0.611839 0.043181
1125 0.923204 -0.049092
1126 -1.453975 -0.138768
1127 2.037243 0.325029
1128 -3.678522 -1.751924
1129 8.963341 0.144231
1130 -9.030900 7.789139
1131 1.187916 -9.610502
1132 1.677099 4.212868
1133 0.117435 -1.612203
1134 -0.949760 1.040481
1135 1.303337 -0.475993
1136 -1.502395 0.003997
1137 1.618494 0.345531
1138 -1.572972 -0.556094
1139 1.414317 0.679026
1140 -1.117619 -0.722130
1141 0.755099 0.778948
1142 -0.444454 -0.831765
1143 0.221794 0.797361
1144 -0.015715 -0.664756
1145 -0.173454 0.511604
1146 0.307909 -0.357934
1147 -0.385575 0.199142
1148 0.433579 -0.055100
1149 -0.442280 -0.041108
1150 0.396084 0.094472
1151 -0.301691 -0.131578
1152 0.194147 0.174070
1153 -0.111553 -0.204451
1154 0.058086 0.191184
1155 -0.002806 -0.140397
1156 -0.053293 0.092907
1157 0.081594 -0.060948
1158 -0.073764 0.028941
1159 0.048955 0.010321
1160 -0.023428 -0.048819
1161 0.009006 0.076801
1162 -0.008785 -0.081548
1163 0.013225 0.060073
1164 -0.014271 -0.028697
1165 0.019679 0.006526
1166 -0.038859 0.003438
1167 0.069652 -0.003576
1168 -0.106102 -0.004839
1169 0.140222 0.018219
1170 -0.152179 -0.035117
1171 0.132023 0.067507
1172 -0.095980 -0.123110
1173 0.062619 0.182560
1174 -0.025917 -0.215768
1175 -0.030523 0.216026
1176 0.106541 -0.198819
1177 -0.181375 0.172660
1178 0.232420 -0.126381
1179 -0.255872 0.050627
1180 0.261876 0.045203
1181 -0.250281 -0.137970
1182 0.210907 0.209480
1183 -0.137533 -0.256071
1184 0.037707 0.280170
1185 0.071826 -0.279005
1186 -0.175175 0.247123
1187 0.260479 -0.185564
1188 -0.319319 0.102651
1189 0.343450 -0.007344
1190 -0.328791 -0.090136
1191 0.278037 0.179177
1192 -0.198909 -0.252697
1193 0.104624 0.300733
1194 -0.004062 -0.315014
1195 -0.095740 0.297722
1196 0.181460 -0.252854
1197 -0.240413 0.183004
1198 0.271496 -0.092585
1199 -0.279450 -0.006428
1200 0.263109 0.097833
1201 -0.220608 -0.170671
1202 0.154466 0.221113
1203 -0.071561 -0.247759
1204 -0.016355 0.250431
1205 0.096926 -0.229739
1206 -0.161777 0.184648
1207 0.210097 -0.118371
1208 -0.240833 0.042406
1209 0.246573 0.032571
1210 -0.223717 -0.102387
1211 0.176002 0.164598
1212 -0.112697 -0.215473
1213 0.042925 0.245758
1214 0.032010 -0.247799
1215 -0.107711 0.223764
1216 0.175175 -0.176849
1217 -0.226904 0.111527
1218 0.254725 -0.033594
1219 -0.254160 -0.051933
1220 0.225383 0.135341
1221 -0.170036 -0.204704
1222 0.091888 0.253209
1223 0.001491 -0.276112
1224 -0.097658 0.267693
1225 0.183908 -0.227092
1226 -0.249222 0.160250
1227 0.286329 -0.071910
1228 -0.292977 -0.029254
1229 0.264038 0.127718
1230 -0.200301 -0.211699
1231 0.114400 0.271191
1232 -0.015581 -0.297705
1233 -0.086977 0.287496
1234 0.178332 -0.242370
1235 -0.245583 0.168551
1236 0.282956 -0.073357
1237 -0.287765 -0.031287
1238 0.258014 0.130412
1239 -0.195809 -0.211396
1240 0.109537 0.267105
1241 -0.012055 -0.291066
1242 -0.085428 0.278075
1243 0.170465 -0.233025
1244 -0.232519 0.163662
1245 0.266671 -0.075822
1246 -0.270145 -0.020064
1247 0.244298 0.110973
1248 -0.193387 -0.186300
1249 0.124428 0.238162
1250 -0.044057 -0.262098
1251 -0.040243 0.257420
1252 0.118042 -0.227240
1253 -0.181746 0.175296
1254 0.225549 -0.104673
1255 -0.244297 0.023890
1256 0.237281 0.057659
1257 -0.206982 -0.132968
1258 0.155424 0.195206
1259 -0.087105 -0.238438
1260 0.008458 0.257252
1261 0.073163 -0.249048
1262 -0.149502 0.214571
1263 0.211638 -0.154432
1264 -0.252579 0.073094
1265 0.268490 0.016906
1266 -0.254759 -0.105282
1267 0.210365 0.184887
1268 -0.139457 -0.245617
1269 0.049002 0.278607
1270 0.049781 -0.278608
1271 -0.143546 0.244183
1272 0.221083 -0.178864
1273 -0.272866 0.090827
1274 0.289480 0.010573
1275 -0.267606 -0.112983
1276 0.211712 0.201451
1277 -0.129478 -0.263914
1278 0.031019 0.291869
1279 0.071741 -0.282506
1280 -0.165981 0.237979
1281 0.237759 -0.163836
1282 -0.277758 0.071205
1283 0.282730 0.028158
1284 -0.253833 -0.122833
1285 0.197715 0.199692
1286 -0.123458 -0.248947
1287 0.038330 0.266422
1288 0.049354 -0.256099
1289 -0.128582 0.222680
1290 0.191004 -0.168649
1291 -0.231644 0.100964
1292 0.247889 -0.023694
1293 -0.242015 -0.058828
1294 0.216568 0.135056
1295 -0.170407 -0.194707
1296 0.102949 0.238549
1297 -0.022879 -0.266476
1298 -0.058333 0.268293
1299 0.135961 -0.238702
1300 -0.206448 0.182487
1301 0.260016 -0.105449
1302 -0.287191 0.010494
1303 0.285572 0.092662
1304 -0.253418 -0.188355
1305 0.189854 0.264765
1306 -0.099259 -0.311851
1307 -0.010678 0.324033
1308 0.124567 -0.300136
1309 -0.223580 0.241096
1310 0.295190 -0.152306
1311 -0.331058 0.043494
1312 0.326456 0.071114
1313 -0.281694 -0.176449
1314 0.196975 0.263901
1315 -0.083055 -0.323457
1316 -0.042457 0.345678
1317 0.160841 -0.328035
1318 -0.258435 0.266779
1319 0.331425 -0.165329
1320 -0.378829 0.041152
1321 0.393202 0.084212
1322 -0.363441 -0.198272
1323 0.289209 0.296651
1324 -0.184370 -0.370309
1325 0.061729 0.409803
1326 0.064917 -0.410984
1327 -0.178872 0.370201
1328 0.268462 -0.282455
1329 -0.332343 0.157819
1330 0.358457 -0.018934
1331 -0.332906 -0.123124
1332 0.259512 0.259298
1333 -0.146697 -0.366265
1334 -0.008644 0.427379
1335 0.190713 -0.440520
1336 -0.371013 0.399195
1337 0.530174 -0.293261
1338 -0.661699 0.133523
1339 0.739195 0.058481
1340 -0.743022 -0.261474
1341 0.660906 0.458069
1342 -0.499808 -0.637477
1343 0.280360 0.780869
1344 -0.040691 -0.842949
1345 -0.224722 0.796593
1346 0.488613 -0.653765
1347 -0.711261 0.425063
1348 0.846564 -0.091473
1349 -0.924264 -0.290116
1350 0.804709 0.669337
1351 -0.509634 -1.069244
1352 -0.081819 1.450753
1353 0.879377 -1.611203
1354 -3.619160 1.690967
1355 7.008498 -6.431983
1356 -2.978078 12.657857
1357 -3.606494 -10.637101
1358 4.019057 5.674372
1359 -2.301302 -3.594093
1360 1.106048 2.548655
1361 -0.297318 -1.965645
1362 -0.019921 1.373184
1363 0.227818 -0.706919
1364 -0.353164 0.113961
1365 0.406966 0.357002
1366 -0.386171 -0.676374
1367 0.274605 0.810061
1368 -0.037036 -0.839080
1369 -0.217336 0.837025
1370 0.404281 -0.762770
1371 -0.533638 0.582270
1372 0.626482 -0.349420
1373 -0.649256 0.105506
1374 0.600142 0.149986
1375 -0.509130 -0.393155
1376 0.398578 0.575694
1377 -0.259792 -0.668486
1378 0.084025 0.673702
1379 0.114137 -0.625200
1380 -0.284397 0.544612
1381 0.395253 -0.418947
1382 -0.459262 0.246940
1383 0.492392 -0.063510
1384 -0.478827 -0.094528
1385 0.405839 0.217790
1386 -0.282492 -0.311542
1387 0.129857 0.378576
1388 0.025536 -0.418333
1389 -0.156701 0.420076
1390 0.258629 -0.372054
1391 -0.339108 0.282598
1392 0.395435 -0.174833
1393 -0.419904 0.065484
1394 0.409894 0.035515
1395 -0.360453 -0.120170
1396 0.273624 0.191004
1397 -0.169062 -0.256514
1398 0.075004 0.306977
1399 -0.000219 -0.316529
1400 -0.070887 0.279716
1401 0.145819 -0.221456
1402 -0.203699 0.161913
1403 0.225329 -0.099810
1404 -0.218130 0.028115
1405 0.199923 0.047731
1406 -0.176046 -0.108162
1407 0.140944 0.141116
1408 -0.089106 -0.151685
1409 0.026182 0.150268
1410 0.032838 -0.143338
1411 -0.077777 0.130312
1412 0.108269 -0.110585
1413 -0.125028 0.086271
1414 0.128439 -0.060668
1415 -0.119009 0.035266
1416 0.101398 -0.008648
1417 -0.082296 -0.014856
1418 0.063203 0.032398
1419 -0.046574 -0.045361
1420 0.033347 0.052574
1421 -0.022423 -0.055845
1422 0.017562 0.056613
1423 -0.017190 -0.051465
1424 0.011938 0.040757
1425 0.000590 -0.032706
1426 -0.012659 0.032316
1427 0.019129 -0.036030
1428 -0.022129 0.038098
1429 0.026305 -0.035404
1430 -0.032893 0.027874
1431 0.040341 -0.017575
1432 -0.045680 0.006052
1433 0.044941 0.009651
1434 -0.039403 -0.029823
1435 0.033297 0.048134
1436 -0.024480 -0.059726
1437 0.007672 0.063893
1438 0.015360 -0.061899
1439 -0.039131 0.054967
1440 0.059903 -0.043532
1441 -0.071926 0.026374
1442 0.073204 -0.003952
1443 -0.068098 -0.022195
1444 0.060780 0.049143
1445 -0.048116 -0.069732
1446 0.025526 0.080156
1447 0.001939 -0.081193
1448 -0.028340 0.074814
1449 0.053251 -0.060473
1450 -0.074278 0.038862
1451 0.087766 -0.013739
1452 -0.092004 -0.014341
1453 0.086856 0.041687
1454 -0.072537 -0.064115
1455 0.048741 0.081294
1456 -0.017402 -0.090746
1457 -0.017120 0.091637
1458 0.049952 -0.082687
1459 -0.078264 0.062884
1460 0.102007 -0.036683
1461 -0.117687 0.005999
1462 0.118330 0.026889
1463 -0.103052 -0.059413
1464 0.077266 0.089443
1465 -0.044364 -0.109577
1466 0.004012 0.116558
1467 0.040481 -0.110490
1468 -0.080642 0.090043
1469 0.111106 -0.058990
1470 -0.129163 0.022560
1471 0.131115 0.017447
1472 -0.115729 -0.059101
1473 0.085614 0.096542
1474 -0.044856 -0.122388
1475 -0.001556 0.134609
1476 0.047902 -0.130882
1477 -0.089508 0.110183
1478 0.121882 -0.077638
1479 -0.141447 0.036296
1480 0.145592 0.010405
1481 -0.132198 -0.056872
1482 0.102461 0.097077
1483 -0.061212 -0.125533
1484 0.013326 0.139734
1485 0.036632 -0.139017
1486 -0.083400 0.123626
1487 0.121634 -0.093286
1488 -0.146589 0.051392
1489 0.156092 -0.003594
1490 -0.148277 -0.047117
1491 0.123703 0.095181
1492 -0.085601 -0.133515
1493 0.037246 0.159470
1494 0.014048 -0.170004
1495 -0.065160 0.160643
1496 0.113303 -0.133035
1497 -0.149404 0.091169
1498 0.169192 -0.038791
1499 -0.171933 -0.018756
1500 0.156672 0.076369
1501 -0.124087 -0.125103
1502 0.075340 0.158706
1503 -0.015792 -0.176694
1504 -0.045699 0.176013
1505 0.101627 -0.154209
1506 -0.147097 0.111963
1507 0.177068 -0.053787
1508 -0.187502 -0.011079
1509 0.174799 0.074424
1510 -0.137876 -0.130509
1511 0.081357 0.174117
1512 -0.014610 -0.199903
1513 -0.051420 0.201837
1514 0.112093 -0.176350
1515 -0.163840 0.127614
1516 0.198245 -0.064599
1517 -0.209589 -0.005935
1518 0.194933 0.078004
1519 -0.154957 -0.142103
1520 0.096149 0.190393
1521 -0.027570 -0.217176
1522 -0.045305 0.215674
1523 0.118515 -0.185891
1524 -0.181970 0.136997
1525 0.221278 -0.075280
1526 -0.231562 0.002133
1527 0.216879 0.075863
1528 -0.177820 -0.146684
1529 0.115097 0.200931
1530 -0.038404 -0.234089
1531 -0.042021 0.243511
1532 0.116716 -0.225249
1533 -0.178654 0.178849
1534 0.222747 -0.110190
1535 -0.242370 0.029031
1536 0.235172 0.055199
1537 -0.203076 -0.134501
1538 0.147746 0.199069
1539 -0.076341 -0.241148
1540 -0.002410 0.254948
1541 0.081286 -0.236420
1542 -0.156311 0.190916
1543 0.220601 -0.128614
1544 -0.260532 0.059397
1545 0.262503 0.013135
1546 -0.232016 -0.090843
1547 0.183300 0.165625
1548 -0.123170 -0.220463
1549 0.052318 0.246053
1550 0.024327 -0.241854
1551 -0.100368 0.210545
1552 0.165261 -0.156404
1553 -0.208551 0.088352
1554 0.216658 -0.011325
1555 -0.185736 -0.075659
1556 0.123274 0.163828
1557 -0.035231 -0.228728
1558 -0.081469 0.258666
1559 0.214118 -0.255010
1560 -0.344782 0.209534
1561 0.460850 -0.114420
1562 -0.551742 -0.017091
1563 0.590100 0.176327
1564 -0.572026 -0.358215
1565 0.499814 0.541871
1566 -0.378813 -0.693307
1567 0.199623 0.789486
1568 0.021531 -0.809000
1569 -0.280307 0.746672
1570 0.536055 -0.608726
1571 -0.753473 0.395318
1572 0.888143 -0.084540
1573 -0.957729 -0.282292
1574 0.873393 0.681102
1575 -0.672246 -1.090068
1576 0.266823 1.477905
1577 0.234546 -1.745198
1578 -1.143712 1.904156
1579 1.839764 -1.591740
1580 -5.518873 -0.236876
1581 12.465132 -4.761057
1582 -9.033965 14.666042
1583 -0.154408 -13.562795
1584 1.307805 7.579933
1585 0.190649 -5.451294
1586 -0.757788 4.099556
1587 1.362587 -3.049902
1588 -1.621582 2.316211
1589 1.616237 -1.670482
1590 -1.443889 1.047304
1591 1.210552 -0.522736
1592 -0.909001 0.083107
1593 0.644117 0.247715
1594 -0.400345 -0.410211
1595 0.141177 0.433445
1596 0.109964 -0.408301
1597 -0.273543 0.348537
1598 0.358637 -0.238901
1599 -0.381865 0.114254
1600 0.335542 -0.008699
1601 -0.220612 -0.089295
1602 0.078458 0.180359
1603 0.056507 -0.246631
1604 -0.160033 0.262926
1605 0.238417 -0.218575
1606 -0.301602 0.135902
1607 0.336362 -0.049510
1608 -0.314921 -0.033119
1609 0.248912 0.121165
1610 -0.169344 -0.203493
1611 0.089347 0.253071
1612 -0.006138 -0.255472
1613 -0.079523 0.211616
1614 0.166345 -0.137189
1615 -0.241319 0.055232
1616 0.283773 0.023870
1617 -0.283529 -0.105278
1618 0.250731 0.188737
1619 -0.194631 -0.263205
1620 0.122167 0.317390
1621 -0.043124 -0.341918
1622 -0.037462 0.327023
1623 0.125058 -0.275480
1624 -0.216760 0.207007
1625 0.289789 -0.136934
1626 -0.321456 0.059409
1627 0.315016 0.035978
1628 -0.287680 -0.137677
1629 0.242952 0.218430
1630 -0.168608 -0.266703
1631 0.066324 0.290811
1632 0.043145 -0.297978
1633 -0.137529 0.281579
1634 0.206706 -0.231405
1635 -0.252439 0.148588
1636 0.278097 -0.045847
1637 -0.281228 -0.058113
1638 0.258481 0.149357
1639 -0.211056 -0.222145
1640 0.144730 0.269550
1641 -0.067031 -0.287220
1642 -0.013289 0.276758
1643 0.087762 -0.240964
1644 -0.150208 0.185904
1645 0.195990 -0.121438
1646 -0.218757 0.055355
1647 0.218971 0.008571
1648 -0.199578 -0.062157
1649 0.158759 0.098685
1650 -0.101114 -0.124592
1651 0.040991 0.143478
1652 0.011038 -0.149234
1653 -0.052826 0.137494
1654 0.084746 -0.109004
1655 -0.106439 0.069187
1656 0.117243 -0.026086
1657 -0.114893 -0.013052
1658 0.097878 0.045847
1659 -0.070761 -0.074777
1660 0.042151 0.096359
1661 -0.015416 -0.103310
1662 -0.012767 0.095231
1663 0.042411 -0.076592
1664 -0.065498 0.053049
1665 0.076480 -0.029493
1666 -0.076049 0.006336
1667 0.066755 0.016466
1668 -0.052300 -0.035546
1669 0.033734 0.048000
1670 -0.011937 -0.053015
1671 -0.008105 0.050086
1672 0.023975 -0.040821
1673 -0.034868 0.027874
1674 0.041181 -0.011590
1675 -0.043845 -0.006443
1676 0.039813 0.021772
1677 -0.030925 -0.032257
1678 0.022179 0.037488
1679 -0.011211 -0.036819
1680 -0.002470 0.032020
1681 0.016057 -0.025580
1682 -0.027059 0.018164
1683 0.033334 -0.009932
1684 -0.034302 0.001321
1685 0.031148 0.006576
1686 -0.024663 -0.012106
1687 0.014787 0.013441
1688 -0.002751 -0.011352
1689 -0.009161 0.008291
1690 0.016349 -0.003438
1691 -0.017752 -0.003137
1692 0.017492 0.010041
1693 -0.016173 -0.015710
1694 0.010942 0.017983
1695 -0.002652 -0.017599
1696 -0.006568 0.014550
1697 0.015705 -0.008302
1698 -0.021452 0.000940
1699 0.023442 0.006020
1700 -0.021323 -0.011693
1701 0.013412 0.014885
1702 -0.003640 -0.016210
1703 -0.005432 0.015250
1704 0.014601 -0.011346
1705 -0.021699 0.005284
1706 0.026511 0.003447
1707 -0.028789 -0.013704
1708 0.025687 0.021180
1709 -0.018254 -0.025675
1710 0.009276 0.029240
1711 0.002061 -0.028674
1712 -0.015145 0.022594
1713 0.026054 -0.013902
1714 -0.034076 0.003889
1715 0.038706 0.007751
1716 -0.036727 -0.019978
1717 0.027786 0.029429
1718 -0.014548 -0.035809
1719 -0.001299 0.039599
1720 0.019533 -0.038632
1721 -0.037049 0.031988
1722 0.049642 -0.020539
1723 -0.056711 0.005856
1724 0.058886 0.010687
1725 -0.055174 -0.028283
1726 0.044069 0.044976
1727 -0.026751 -0.058513
1728 0.006456 0.065944
1729 0.014654 -0.064302
1730 -0.035437 0.055362
1731 0.053810 -0.041755
1732 -0.066040 0.022504
1733 0.070010 0.001442
1734 -0.065362 -0.027235
1735 0.053877 0.050524
1736 -0.036838 -0.066529
1737 0.013542 0.074306
1738 0.013987 -0.072732
1739 -0.041647 0.061642
1740 0.064041 -0.044900
1741 -0.078139 0.023996
1742 0.085252 0.001392
1743 -0.082647 -0.028588
1744 0.069368 0.053701
1745 -0.049147 -0.072975
1746 0.021853 0.082255
1747 0.010280 -0.082937
1748 -0.038966 0.079024
1749 0.060172 -0.064804
1750 -0.076154 0.037185
1751 0.087029 -0.007586
1752 -0.089407 -0.018999
1753 0.080788 0.045370
1754 -0.061833 -0.065920
1755 0.034057 0.074979
1756 0.002311 -0.077077
1757 -0.040835 0.074332
1758 0.073764 -0.061957
1759 -0.098973 0.038902
1760 0.115113 -0.008062
1761 -0.120098 -0.027878
1762 0.113111 0.065441
1763 -0.093869 -0.098316
1764 0.062115 0.121555
1765 -0.021326 -0.135934
1766 -0.021305 0.141461
1767 0.059100 -0.136764
1768 -0.084948 0.115166
1769 0.098221 -0.073144
1770 -0.105299 0.023240
1771 0.104105 0.018061
1772 -0.083539 -0.045344
1773 0.040933 0.063970
1774 0.012500 -0.076648
1775 -0.061173 0.073143
1776 0.098896 -0.047736
1777 -0.125909 0.004779
1778 0.138779 0.049750
1779 -0.133108 -0.109349
1780 0.107926 0.160939
1781 -0.058916 -0.194474
1782 -0.014450 0.211290
1783 0.097800 -0.212772
1784 -0.175123 0.188055
1785 0.244786 -0.131270
1786 -0.301561 0.049261
1787 0.333511 0.049620
1788 -0.334682 -0.161027
1789 0.302822 0.265862
1790 -0.227573 -0.351215
1791 0.109289 0.418992
1792 0.032505 -0.462848
1793 -0.178839 0.458480
1794 0.321404 -0.399853
1795 -0.442248 0.280788
1796 0.534888 -0.102970
1797 -0.586773 -0.118436
1798 0.574952 0.356919
1799 -0.487264 -0.613244
1800 0.335426 0.833506
1801 -0.078154 -0.989402
1802 -0.291871 1.060065
1803 0.751737 -1.062688
1804 -1.258740 0.830123
1805 1.963219 -0.453896
1806 -2.646278 -0.609551
1807 5.704607 2.255616
1808 -10.068066 0.577742
1809 8.588324 -5.573481
1810 -4.483782 5.365010
1811 3.441491 -3.138839
1812 -3.256443 2.053044
1813 2.899635 -1.102233
1814 -2.662687 0.302868
1815 2.395196 0.258135
1816 -2.027217 -0.639690
1817 1.601571 0.915829
1818 -1.159850 -1.055357
1819 0.702839 1.101913
1820 -0.298824 -1.084351
1821 -0.014260 0.977725
1822 0.267227 -0.774151
1823 -0.477236 0.542873
1824 0.606882 -0.319982
1825 -0.653286 0.103934
1826 0.643047 0.086944
1827 -0.583317 -0.219119
1828 0.468844 0.290888
1829 -0.316102 -0.321820
1830 0.156633 0.325415
1831 -0.013756 -0.297144
1832 -0.102941 0.239264
1833 0.189441 -0.159996
1834 -0.245929 0.078711
1835 0.260210 -0.010053
1836 -0.231430 -0.050546
1837 0.179665 0.108230
1838 -0.124140 -0.155129
1839 0.076972 0.180052
1840 -0.041561 -0.172386
1841 0.009330 0.132469
1842 0.024386 -0.081034
1843 -0.048225 0.035935
1844 0.050746 0.002573
1845 -0.033092 -0.034223
1846 0.001180 0.057351
1847 0.035848 -0.073062
1848 -0.065299 0.079829
1849 0.078938 -0.068522
1850 -0.081649 0.030945
1851 0.084137 0.023495
1852 -0.084376 -0.070184
1853 0.066680 0.099369
1854 -0.026848 -0.121636
1855 -0.020599 0.141936
1856 0.060799 -0.145640
1857 -0.093126 0.119507
1858 0.125134 -0.069762
1859 -0.155399 0.012904
1860 0.169756 0.038790
1861 -0.156255 -0.083217
1862 0.115691 0.123366
1863 -0.056849 -0.156667
1864 -0.010126 0.177267
1865 0.076360 -0.181176
1866 -0.135413 0.166013
1867 0.181875 -0.131168
1868 -0.211437 0.080127
1869 0.219941 -0.019201
1870 -0.207223 -0.046019
1871 0.175714 0.109611
1872 -0.128004 -0.162554
1873 0.070318 0.199054
1874 -0.010073 -0.218043
1875 -0.045930 0.215333
1876 0.095425 -0.186349
1877 -0.139259 0.136759
1878 0.173251 -0.078876
1879 -0.190273 0.021043
1880 0.186340 0.033844
1881 -0.162737 -0.084681
1882 0.124591 0.126856
1883 -0.077961 -0.154716
1884 0.026507 0.165997
1885 0.028472 -0.158927
1886 -0.081652 0.136890
1887 0.122378 -0.106477
1888 -0.146296 0.068147
1889 0.153974 -0.021491
1890 -0.147077 -0.028889
1891 0.129366 0.075010
1892 -0.099610 -0.110346
1893 0.059110 0.131446
1894 -0.013763 -0.136592
1895 -0.031130 0.128990
1896 0.069148 -0.109981
1897 -0.096775 0.079067
1898 0.112982 -0.040723
1899 -0.116211 0.000636
1900 0.106313 0.037692
1901 -0.084483 -0.071200
1902 0.053342 0.095421
1903 -0.017715 -0.107746
1904 -0.017544 0.107179
1905 0.048305 -0.093570
1906 -0.072487 0.070745
1907 0.088108 -0.041200
1908 -0.093660 0.006845
1909 0.090144 0.027659
1910 -0.078353 -0.058628
1911 0.057739 0.081694
1912 -0.029119 -0.094880
1913 -0.000869 0.099370
1914 0.026667 -0.092993
1915 -0.049960 0.074559
1916 0.068932 -0.047627
1917 -0.078329 0.016453
1918 0.077744 0.015412
1919 -0.069324 -0.044202
1920 0.053853 0.066417
1921 -0.030917 -0.080388
1922 0.003404 0.083890
1923 0.024187 -0.075931
1924 -0.048367 0.058638
1925 0.066608 -0.034571
1926 -0.076174 0.007391
1927 0.075829 0.019471
1928 -0.067459 -0.042720
1929 0.050394 0.060345
1930 -0.025309 -0.071330
1931 -0.001568 0.072329
1932 0.025146 -0.062690
1933 -0.044599 0.045694
1934 0.058455 -0.024461
1935 -0.063255 0.001770
1936 0.059619 0.021851
1937 -0.051248 -0.043510
1938 0.037298 0.056869
1939 -0.018086 -0.061977
1940 -0.001936 0.060990
1941 0.021284 -0.052310
1942 -0.038199 0.037298
1943 0.049550 -0.019637
1944 -0.055013 0.001949
1945 0.054036 0.014043
1946 -0.045923 -0.027398
1947 0.033706 0.037516
1948 -0.019225 -0.043686
1949 0.002492 0.043989
1950 0.014659 -0.038829
1951 -0.029517 0.029631
1952 0.037976 -0.017470
1953 -0.039802 0.004465
1954 0.037575 0.008704
1955 -0.031412 -0.020959
1956 0.022103 0.029690
1957 -0.010198 -0.032714
1958 -0.002481 0.030228
1959 0.013860 -0.024167
1960 -0.023742 0.015313
1961 0.029391 -0.002759
1962 -0.029609 -0.011863
1963 0.026016 0.025770
1964 -0.018566 -0.035742
1965 0.007719 0.038029
1966 0.005579 -0.035723
1967 -0.018931 0.030854
1968 0.029026 -0.020831
1969 -0.035731 0.006977
1970 0.037431 0.007158
1971 -0.034637 -0.020925
1972 0.030416 0.034189
1973 -0.020946 -0.042211
1974 0.004669 0.043702
1975 0.012299 -0.042940
1976 -0.024927 0.040101
1977 0.033995 -0.030373
1978 -0.041313 0.014425
1979 0.045916 0.001341
1980 -0.045462 -0.015757
1981 0.039701 0.029354
1982 -0.029572 -0.039721
1983 0.016097 0.045318
1984 -0.001325 -0.045932
1985 -0.016601 0.041029
1986 0.036837 -0.031974
1987 -0.051163 0.020232
1988 0.056134 -0.003655
1989 -0.056103 -0.016059
1990 0.054444 0.033239
1991 -0.048338 -0.045419
1992 0.033965 0.051689
1993 -0.012944 -0.054357
1994 -0.007002 0.057452
1995 0.018471 -0.058403
1996 -0.021351 0.050940
1997 0.023674 -0.034225
1998 -0.031405 0.017102
1999 0.037821 -0.009693
2000 -0.033055 0.010755
2001 0.021340 -0.012548
2002 -0.014946 0.012833
2003 0.016353 -0.017303
2004 -0.022176 0.027350
2005 0.034777 -0.039333
2006 -0.052445 0.051176
2007 0.068780 -0.056151
2008 -0.085774 0.047006
2009 0.110065 -0.024914
2010 -0.135785 -0.002613
2011 0.151260 0.032737
2012 -0.153580 -0.068613
2013 0.142075 0.107099
2014 -0.111843 -0.144815
2015 0.069924 0.180656
2016 -0.025209 -0.202172
2017 -0.028475 0.194684
2018 0.095675 -0.163043
2019 -0.160868 0.115514
2020 0.212820 -0.050525
2021 -0.242645 -0.029511
2022 0.239982 0.121967
2023 -0.200423 -0.225593
2024 0.128619 0.325032
2025 -0.015022 -0.408314
2026 -0.125392 0.473013
2027 0.271050 -0.488644
2028 -0.426378 0.402873
2029 0.640410 -0.229307
2030 -0.844275 -0.018513
2031 1.065938 0.444674
2032 -1.396672 -1.178332
2033 2.644378 2.181220
2034 -4.849266 -1.427857
2035 4.773825 -1.138781
2036 -2.475328 1.723853
2037 1.361236 -0.497189
2038 -1.288323 -0.218534
2039 1.121639 0.460923
2040 -0.823921 -0.618465
2041 0.520185 0.763166
2042 -0.267077 -0.829802
2043 0.027414 0.811651
2044 0.180385 -0.732891
2045 -0.349429 0.596763
2046 0.479511 -0.415277
2047 -0.565921 0.212782
2048 0.594011 0.000000
2049 -0.565921 -0.212782
2050 0.479511 0.415277
2051 -0.349429 -0.596763
2052 0.180385 0.732891
2053 0.027414 -0.811651
2054 -0.267077 0.829802
2055 0.520185 -0.763166
2056 -0.823921 0.618465
2057 1.121639 -0.460923
2058 -1.288323 0.218534
2059 1.361236 0.497189
2060 -2.475328 -1.723853
2061 4.773825 1.138781
2062 -4.849266 1.427857
2063 2.644378 -2.181220
2064 -1.396672 1.178332
2065 1.065938 -0.444674
2066 -0.844275 0.018513
2067 0.640410 0.229307
2068 -0.426378 -0.402873
2069 0.271050 0.488644
2070 -0.125392 -0.473013
2071 -0.015022 0.408314
2072 0.128619 -0.325032
2073 -0.200423 0.225593
2074 0.239982 -0.121967
2075 -0.242645 0.029511
2076 0.212820 0.050525
2077 -0.160868 -0.115514
2078 0.095675 0.163043
2079 -0.028475 -0.194684
2080 -0.025209 0.202172
2081 0.069924 -0.180656
2082 -0.111843 0.144815
2083 0.142075 -0.107099
2084 -0.153580 0.068613
2085 0.151260 -0.032737
2086 -0.135785 0.002613
2087 0.110065 0.024914
2088 -0.085774 -0.047006
2089 0.068780 0.056151
2090 -0.052445 -0.051176
2091 0.034777 0.039333
2092 -0.022176 -0.027350
2093 0.016353 0.017303
2094 -0.014946 -0.012833
2095 0.021340 0.012548
2096 -0.033055 -0.010755
2097 0.037821 0.009693
2098 -0.031405 -0.017102
2099 0.023674 0.034225
2100 -0.021351 -0.050940
2101 0.018471 0.058403
2102 -0.007002 -0.057452
2103 -0.012944 0.054357
2104 0.033965 -0.051689
2105 -0.048338 0.045419
2106 0.054444 -0.033239
2107 -0.056103 0.016059
2108 0.056134 0.003655
2109 -0.051163 -0.020232
2110 0.036837 0.031974
2111 -0.016601 -0.041029
2112 -0.001325 0.045932
2113 0.016097 -0.045318
2114 -0.029572 0.039721
2115 0.039701 -0.029354
2116 -0.045462 0.015757
2117 0.045916 -0.001341
2118 -0.041313 -0.014425
2119 0.033995 0.030373
2120 -0.024927 -0.040101
2121 0.012299 0.042940
2122 0.004669 -0.043702
2123 -0.020946 0.042211
2124 0.030416 -0.034189
2125 -0.034637 0.020925
2126 0.037431 -0.007158
2127 -0.035731 -0.006977
2128 0.029026 0.020831
2129 -0.018931 -0.030854
2130 0.005579 0.035723
2131 0.007719 -0.038029
2132 -0.018566 0.035742
2133 0.026016 -0.025770
2134 -0.029609 0.011863
2135 0.029391 0.002759
2136 -0.023742 -0.015313
2137 0.013860 0.024167
2138 -0.002481 -0.030228
2139 -0.010198 0.032714
2140 0.022103 -0.029690
2141 -0.031412 0.020959
2142 0.037575 -0.008704
2143 -0.039802 -0.004465
2144 0.037976 0.017470
2145 -0.029517 -0.029631
2146 0.014659 0.038829
2147 0.002492 -0.043989
2148 -0.019225 0.043686
2149 0.033706 -0.037516
2150 -0.045923 0.027398
2151 0.054036 -0.014043
2152 -0.055013 -0.001949
2153 0.049550 0.019637
2154 -0.038199 -0.037298
2155 0.021284 0.052310
2156 -0.001936 -0.060990
2157 -0.018086 0.061977
2158 0.037298 -0.056869
2159 -0.051248 0.043510
2160 0.059619 -0.021851
2161 -0.063255 -0.001770
2162 0.058455 0.024461
2163 -0.044599 -0.045694
2164 0.025146 0.062690
2165 -0.001568 -0.072329
2166 -0.025309 0.071330
2167 0.050394 -0.060345
2168 -0.067459 0.042720
2169 0.075829 -0.019471
2170 -0.076174 -0.007391
2171 0.066608 0.034571
2172 -0.048367 -0.058638
2173 0.024187 0.075931
2174 0.003404 -0.083890
2175 -0.030917 0.080388
2176 0.053853 -0.066417
2177 -0.069324 0.044202
2178 0.077744 -0.015412
2179 -0.078329 -0.016453
2180 0.068932 0.047627
2181 -0.049960 -0.074559
2182 0.026667 0.092993
2183 -0.000869 -0.099370
2184 -0.029119 0.094880
2185 0.057739 -0.081694
2186 -0.078353 0.058628
2187 0.090144 -0.027659
2188 -0.093660 -0.006845
2189 0.088108 0.041200
2190 -0.072487 -0.070745
2191 0.048305 0.093570
2192 -0.017544 -0.107179
2193 -0.017715 0.107746
2194 0.053342 -0.095421
2195 -0.084483 0.071200
2196 0.106313 -0.037692
2197 -0.116211 -0.000636
2198 0.112982 0.040723
2199 -0.096775 -0.079067
2200 0.069148 0.109981
2201 -0.031130 -0.128990
2202 -0.013763 0.136592
2203 0.059110 -0.131446
2204 -0.099610 0.110346
2205 0.129366 -0.075010
2206 -0.147077 0.028889
2207 0.153974 0.021491
2208 -0.146296 -0.068147
2209 0.122378 0.106477
2210 -0.081652 -0.136890
2211 0.028472 0.158927
2212 0.026507 -0.165997
2213 -0.077961 0.154716
2214 0.124591 -0.126856
2215 -0.162737 0.084681
2216 0.186340 -0.033844
2217 -0.190273 -0.021043
2218 0.173251 0.078876
2219 -0.139259 -0.136759
2220 0.095425 0.186349
2221 -0.045930 -0.215333
2222 -0.010073 0.218043
2223 0.070318 -0.199054
2224 -0.128004 0.162554
2225 0.175714 -0.109611
2226 -0.207223 0.046019
2227 0.219941 0.019201
2228 -0.211437 -0.080127
2229 0.181875 0.131168
2230 -0.135413 -0.166013
2231 0.076360 0.181176
2232 -0.010126 -0.177267
2233 -0.056849 0.156667
2234 0.115691 -0.123366
2235 -0.156255 0.083217
2236 0.169756 -0.038790
2237 -0.155399 -0.012904
2238 0.125134 0.069762
2239 -0.093126 -0.119507
2240 0.060799 0.145640
2241 -0.020599 -0.141936
2242 -0.026848 0.121636
2243 0.066680 -0.099369
2244 -0.084376 0.070184
2245 0.084137 -0.023495
2246 -0.081649 -0.030945
2247 0.078938 0.068522
2248 -0.065299 -0.079829
2249 0.035848 0.073062
2250 0.001180 -0.057351
2251 -0.033092 0.034223
2252 0.050746 -0.002573
2253 -0.048225 -0.035935
2254 0.024386 0.081034
2255 0.009330 -0.132469
2256 -0.041561 0.172386
2257 0.076972 -0.180052
2258 -0.124140 0.155129
2259 0.179665 -0.108230
2260 -0.231430 0.050546
2261 0.260210 0.010053
2262 -0.245929 -0.078711
2263 0.189441 0.159996
2264 -0.102941 -0.239264
2265 -0.013756 0.297144
2266 0.156633 -0.325415
2267 -0.316102 0.321820
2268 0.468844 -0.290888
2269 -0.583317 0.219119
2270 0.643047 -0.086944
2271 -0.653286 -0.103934
2272 0.606882 0.319982
2273 -0.477236 -0.542873
2274 0.267227 0.774151
2275 -0.014260 -0.977725
2276 -0.298824 1.084351
2277 0.702839 -1.101913
2278 -1.159850 1.055357
2279 1.601571 -0.915829
2280 -2.027217 0.639690
2281 2.395196 -0.258135
2282 -2.662687 -0.302868
2283 2.899635 1.102233
2284 -3.256443 -2.053044
2285 3.441491 3.138839
2286 -4.483782 -5.365010
2287 8.588324 5.573481
2288 -10.068066 -0.577742
2289 5.704607 -2.255616
2290 -2.646278 0.609551
2291 1.963219 0.453896
2292 -1.258740 -0.830123
2293 0.751737 1.062688
2294 -0.291871 -1.060065
2295 -0.078154 0.989402
2296 0.335426 -0.833506
2297 -0.487264 0.613244
2298 0.574952 -0.356919
2299 -0.586773 0.118436
2300 0.534888 0.102970
2301 -0.442248 -0.280788
2302 0.321404 0.399853
2303 -0.178839 -0.458480
2304 0.032505 0.462848
2305 0.109289 -0.418992
2306 -0.227573 0.351215
2307 0.302822 -0.265862
2308 -0.334682 0.161027
2309 0.333511 -0.049620
2310 -0.301561 -0.049261
2311 0.244786 0.131270
2312 -0.175123 -0.188055
2313 0.097800 0.212772
2314 -0.014450 -0.211290
2315 -0.058916 0.194474
2316 0.107926 -0.160939
2317 -0.133108 0.109349
2318 0.138779 -0.049750
2319 -0.125909 -0.004779
2320 0.098896 0.047736
2321 -0.061173 -0.073143
2322 0.012500 0.076648
2323 0.040933 -0.063970
2324 -0.083539 0.045344
2325 0.104105 -0.018061
2326 -0.105299 -0.023240
2327 0.098221 0.073144
2328 -0.084948 -0.115166
2329 0.059100 0.136764
2330 -0.021305 -0.141461
2331 -0.021326 0.135934
2332 0.062115 -0.121555
2333 -0.093869 0.098316
2334 0.113111 -0.065441
2335 -0.120098 0.027878
2336 0.115113 0.008062
2337 -0.098973 -0.038902
2338 0.073764 0.061957
2339 -0.040835 -0.074332
2340 0.002311 0.077077
2341 0.034057 -0.074979
2342 -0.061833 0.065920
2343 0.080788 -0.045370
2344 -0.089407 0.018999
2345 0.087029 0.007586
2346 -0.076154 -0.037185
2347 0.060172 0.064804
2348 -0.038966 -0.079024
2349 0.010280 0.082937
2350 0.021853 -0.082255
2351 -0.049147 0.072975
2352 0.069368 -0.053701
2353 -0.082647 0.028588
2354 0.085252 -0.001392
2355 -0.078139 -0.023996
2356 0.064041 0.044900
2357 -0.041647 -0.061642
2358 0.013987 0.072732
2359 0.013542 -0.074306
2360 -0.036838 0.066529
2361 0.053877 -0.050524
2362 -0.065362 0.027235
2363 0.070010 -0.001442
2364 -0.066040 -0.022504
2365 0.053810 0.041755
2366 -0.035437 -0.055362
2367 0.014654 0.064302
2368 0.006456 -0.065944
2369 -0.026751 0.058513
2370 0.044069 -0.044976
2371 -0.055174 0.028283
2372 0.058886 -0.010687
2373 -0.056711 -0.005856
2374 0.049642 0.020539
2375 -0.037049 -0.031988
2376 0.019533 0.038632
2377 -0.001299 -0.039599
2378 -0.014548 0.035809
2379 0.027786 -0.029429
2380 -0.036727 0.019978
2381 0.038706 -0.007751
2382 -0.034076 -0.003889
2383 0.026054 0.013902
2384 -0.015145 -0.022594
2385 0.002061 0.028674
2386 0.009276 -0.029240
2387 -0.018254 0.025675
2388 0.025687 -0.021180
2389 -0.028789 0.013704
2390 0.026511 -0.003447
2391 -0.021699 -0.005284
2392 0.014601 0.011346
2393 -0.005432 -0.015250
2394 -0.003640 0.016210
2395 0.013412 -0.014885
2396 -0.021323 0.011693
2397 0.023442 -0.006020
2398 -0.021452 -0.000940
2399 0.015705 0.008302
2400 -0.006568 -0.014550
2401 -0.002652 0.017599
2402 0.010942 -0.017983
2403 -0.016173 0.015710
2404 0.017492 -0.010041
2405 -0.017752 0.003137
2406 0.016349 0.003438
2407 -0.009161 -0.008291
2408 -0.002751 0.011352
2409 0.014787 -0.013441
2410 -0.024663 0.012106
2411 0.031148 -0.006576
2412 -0.034302 -0.001321
2413 0.033334 0.009932
2414 -0.027059 -0.018164
2415 0.016057 0.025580
2416 -0.002470 -0.032020
2417 -0.011211 0.036819
2418 0.022179 -0.037488
2419 -0.030925 0.032257
2420 0.039813 -0.021772
2421 -0.043845 0.006443
2422 0.041181 0.011590
2423 -0.034868 -0.027874
2424 0.023975 0.040821
2425 -0.008105 -0.050086
2426 -0.011937 0.053015
2427 0.033734 -0.048000
2428 -0.052300 0.035546
2429 0.066755 -0.016466
2430 -0.076049 -0.006336
2431 0.076480 0.029493
2432 -0.065498 -0.053049
2433 0.042411 0.076592
2434 -0.012767 -0.095231
2435 -0.015416 0.103310
2436 0.042151 -0.096359
2437 -0.070761 0.074777
2438 0.097878 -0.045847
2439 -0.114893 0.013052
2440 0.117243 0.026086
2441 -0.106439 -0.069187
2442 0.084746 0.109004
2443 -0.052826 -0.137494
2444 0.011038 0.149234
2445 0.040991 -0.143478
2446 -0.101114 0.124592
2447 0.158759 -0.098685
2448 -0.199578 0.062157
2449 0.218971 -0.008571
2450 -0.218757 -0.055355
2451 0.195990 0.121438
2452 -0.150208 -0.185904
2453 0.087762 0.240964
2454 -0.013289 -0.276758
2455 -0.067031 0.287220
2456 0.144730 -0.269550
2457 -0.211056 0.222145
2458 0.258481 -0.149357
2459 -0.281228 0.058113
2460 0.278097 0.045847
2461 -0.252439 -0.148588
2462 0.206706 0.231405
2463 -0.137529 -0.281579
2464 0.043145 0.297978
2465 0.066324 -0.290811
2466 -0.168608 0.266703
2467 0.242952 -0.218430
2468 -0.287680 0.137677
2469 0.315016 -0.035978
2470 -0.321456 -0.059409
2471 0.289789 0.136934
2472 -0.216760 -0.207007
2473 0.125058 0.275480
2474 -0.037462 -0.327023
2475 -0.043124 0.341918
2476 0.122167 -0.317390
2477 -0.194631 0.263205
2478 0.250731 -0.188737
2479 -0.283529 0.105278
2480 0.283773 -0.023870
2481 -0.241319 -0.055232
2482 0.166345 0.137189
2483 -0.079523 -0.211616
2484 -0.006138 0.255472
2485 0.089347 -0.253071
2486 -0.169344 0.203493
2487 0.248912 -0.121165
2488 -0.314921 0.033119
2489 0.336362 0.049510
2490 -0.301602 -0.135902
2491 0.238417 0.218575
2492 -0.160033 -0.262926
2493 0.056507 0.246631
2494 0.078458 -0.180359
2495 -0.220612 0.089295
2496 0.335542 0.008699
2497 -0.381865 -0.114254
2498 0.358637 0.238901
2499 -0.273543 -0.348537
2500 0.109964 0.408301
2501 0.141177 -0.433445
2502 -0.400345 0.410211
2503 0.644117 -0.247715
2504 -0.909001 -0.083107
2505 1.210552 0.522736
2506 -1.443889 -1.047304
2507 1.616237 1.670482
2508 -1.621582 -2.316211
2509 1.362587 3.049902
2510 -0.757788 -4.099556
2511 0.190649 5.451294
2512 1.307805 -7.579933
2513 -0.154408 13.562795
2514 -9.033965 -14.666042
2515 12.465132 4.761057
2516 -5.518873 0.236876
2517 1.839764 1.591740
2518 -1.143712 -1.904156
2519 0.234546 1.745198
2520 0.266823 -1.477905
2521 -0.672246 1.090068
2522 0.873393 -0.681102
2523 -0.957729 0.282292
2524 0.888143 0.084540
2525 -0.753473 -0.395318
2526 0.536055 0.608726
2527 -0.280307 -0.746672
2528 0.021531 0.809000
2529 0.199623 -0.789486
2530 -0.378813 0.693307
2531 0.499814 -0.541871
2532 -0.572026 0.358215
2533 0.590100 -0.176327
2534 -0.551742 0.017091
2535 0.460850 0.114420
2536 -0.344782 -0.209534
2537 0.214118 0.255010
2538 -0.081469 -0.258666
2539 -0.035231 0.228728
2540 0.123274 -0.163828
2541 -0.185736 0.075659
2542 0.216658 0.011325
2543 -0.208551 -0.088352
2544 0.165261 0.156404
2545 -0.100368 -0.210545
2546 0.024327 0.241854
2547 0.052318 -0.246053
2548 -0.123170 0.220463
2549 0.183300 -0.165625
2550 -0.232016 0.090843
2551 0.262503 -0.013135
2552 -0.260532 -0.059397
2553 0.220601 0.128614
2554 -0.156311 -0.190916
2555 0.081286 0.236420
2556 -0.002410 -0.254948
2557 -0.076341 0.241148
2558 0.147746 -0.199069
2559 -0.203076 0.134501
2560 0.235172 -0.055199
2561 -0.242370 -0.029031
2562 0.222747 0.110190
2563 -0.178654 -0.178849
2564 0.116716 0.225249
2565 -0.042021 -0.243511
2566 -0.038404 0.234089
2567 0.115097 -0.200931
2568 -0.177820 0.146684
2569 0.216879 -0.075863
2570 -0.231562 -0.002133
2571 0.221278 0.075280
2572 -0.181970 -0.136997
2573 0.118515 0.185891
2574 -0.045305 -0.215674
2575 -0.027570 0.217176
2576 0.096149 -0.190393
2577 -0.154957 0.142103
2578 0.194933 -0.078004
2579 -0.209589 0.005935
2580 0.198245 0.064599
2581 -0.163840 -0.127614
2582 0.112093 0.176350
2583 -0.051420 -0.201837
2584 -0.014610 0.199903
2585 0.081357 -0.174117
2586 -0.137876 0.130509
2587 0.174799 -0.074424
2588 -0.187502 0.011079
2589 0.177068 0.053787
2590 -0.147097 -0.111963
2591 0.101627 0.154209
2592 -0.045699 -0.176013
2593 -0.015792 0.176694
2594 0.075340 -0.158706
2595 -0.124087 0.125103
2596 0.156672 -0.076369
2597 -0.171933 0.018756
2598 0.169192 0.038791
2599 -0.149404 -0.091169
2600 0.113303 0.133035
2601 -0.065160 -0.160643
2602 0.014048 0.170004
2603 0.037246 -0.159470
2604 -0.085601 0.133515
2605 0.123703 -0.095181
2606 -0.148277 0.047117
2607 0.156092 0.003594
2608 -0.146589 -0.051392
2609 0.121634 0.093286
2610 -0.083400 -0.123626
2611 0.036632 0.139017
2612 0.013326 -0.139734
2613 -0.061212 0.125533
2614 0.102461 -0.097077
2615 -0.132198 0.056872
2616 0.145592 -0.010405
2617 -0.141447 -0.036296
2618 0.121882 0.077638
2619 -0.089508 -0.110183
2620 0.047902 0.130882
2621 -0.001556 -0.134609
2622 -0.044856 0.122388
2623 0.085614 -0.096542
2624 -0.115729 0.059101
2625 0.131115 -0.017447
2626 -0.129163 -0.022560
2627 0.111106 0.058990
2628 -0.080642 -0.090043
2629 0.040481 0.110490
2630 0.004012 -0.116558
2631 -0.044364 0.109577
2632 0.077266 -0.089443
2633 -0.103052 0.059413
2634 0.118330 -0.026889
2635 -0.117687 -0.005999
2636 0.102007 0.036683
2637 -0.078264 -0.062884
2638 0.049952 0.082687
2639 -0.017120 -0.091637
2640 -0.017402 0.090746
2641 0.048741 -0.081294
2642 -0.072537 0.064115
2643 0.086856 -0.041687
2644 -0.092004 0.014341
2645 0.087766 0.013739
2646 -0.074278 -0.038862
2647 0.053251 0.060473
2648 -0.028340 -0.074814
2649 0.001939 0.081193
2650 0.025526 -0.080156
2651 -0.048116 0.069732
2652 0.060780 -0.049143
2653 -0.068098 0.022195
2654 0.073204 0.003952
2655 -0.071926 -0.026374
2656 0.059903 0.043532
2657 -0.039131 -0.054967
2658 0.015360 0.061899
2659 0.007672 -0.063893
2660 -0.024480 0.059726
2661 0.033297 -0.048134
2662 -0.039403 0.029823
2663 0.044941 -0.009651
2664 -0.045680 -0.006052
2665 0.040341 0.017575
2666 -0.032893 -0.027874
2667 0.026305 0.035404
2668 -0.022129 -0.038098
2669 0.019129 0.036030
2670 -0.012659 -0.032316
2671 0.000590 0.032706
2672 0.011938 -0.040757
2673 -0.017190 0.051465
2674 0.017562 -0.056613
2675 -0.022423 0.055845
2676 0.033347 -0.052574
2677 -0.046574 0.045361
2678 0.063203 -0.032398
2679 -0.082296 0.014856
2680 0.101398 0.008648
2681 -0.119009 -0.035266
2682 0.128439 0.060668
2683 -0.125028 -0.086271
2684 0.108269 0.110585
2685 -0.077777 -0.130312
2686 0.032838 0.143338
2687 0.026182 -0.150268
2688 -0.089106 0.151685
2689 0.140944 -0.141116
2690 -0.176046 0.108162
2691 0.199923 -0.047731
2692 -0.218130 -0.028115
2693 0.225329 0.099810
2694 -0.203699 -0.161913
2695 0.145819 0.221456
2696 -0.070887 -0.279716
2697 -0.000219 0.316529
2698 0.075004 -0.306977
2699 -0.169062 0.256514
2700 0.273624 -0.191004
2701 -0.360453 0.120170
2702 0.409894 -0.035515
2703 -0.419904 -0.065484
2704 0.395435 0.174833
2705 -0.339108 -0.282598
2706 0.258629 0.372054
2707 -0.156701 -0.420076
2708 0.025536 0.418333
2709 0.129857 -0.378576
2710 -0.282492 0.311542
2711 0.405839 -0.217790
2712 -0.478827 0.094528
2713 0.492392 0.063510
2714 -0.459262 -0.246940
2715 0.395253 0.418947
2716 -0.284397 -0.544612
2717 0.114137 0.625200
2718 0.084025 -0.673702
2719 -0.259792 0.668486
2720 0.398578 -0.575694
2721 -0.509130 0.393155
2722 0.600142 -0.149986
2723 -0.649256 -0.105506
2724 0.626482 0.349420
2725 -0.533638 -0.582270
2726 0.404281 0.762770
2727 -0.217336 -0.837025
2728 -0.037036 0.839080
2729 0.274605 -0.810061
2730 -0.386171 0.676374
2731 0.406966 -0.357002
2732 -0.353164 -0.113961
2733 0.227818 0.706919
2734 -0.019921 -1.373184
2735 -0.297318 1.965645
2736 1.106048 -2.548655
2737 -2.301302 3.594093
2738 4.019057 -5.674372
2739 -3.606494 10.637101
2740 -2.978078 -12.657857
2741 7.008498 6.431983
2742 -3.619160 -1.690967
2743 0.879377 1.611203
2744 -0.081819 -1.450753
2745 -0.509634 1.069244
2746 0.804709 -0.669337
2747 -0.924264 0.290116
2748 0.846564 0.091473
2749 -0.711261 -0.425063
2750 0.488613 0.653765
2751 -0.224722 -0.796593
2752 -0.040691 0.842949
2753 0.280360 -0.780869
2754 -0.499808 0.637477
2755 0.660906 -0.458069
2756 -0.743022 0.261474
2757 0.739195 -0.058481
2758 -0.661699 -0.133523
2759 0.530174 0.293261
2760 -0.371013 -0.399195
2761 0.190713 0.440520
2762 -0.008644 -0.427379
2763 -0.146697 0.366265
2764 0.259512 -0.259298
2765 -0.332906 0.123124
2766 0.358457 0.018934
2767 -0.332343 -0.157819
2768 0.268462 0.282455
2769 -0.178872 -0.370201
2770 0.064917 0.410984
2771 0.061729 -0.409803
2772 -0.184370 0.370309
2773 0.289209 -0.296651
2774 -0.363441 0.198272
2775 0.393202 -0.084212
2776 -0.378829 -0.041152
2777 0.331425 0.165329
2778 -0.258435 -0.266779
2779 0.160841 0.328035
2780 -0.042457 -0.345678
2781 -0.083055 0.323457
2782 0.196975 -0.263901
2783 -0.281694 0.176449
2784 0.326456 -0.071114
2785 -0.331058 -0.043494
2786 0.295190 0.152306
2787 -0.223580 -0.241096
2788 0.124567 0.300136
2789 -0.010678 -0.324033
2790 -0.099259 0.311851
2791 0.189854 -0.264765
2792 -0.253418 0.188355
2793 0.285572 -0.092662
2794 -0.287191 -0.010494
2795 0.260016 0.105449
2796 -0.206448 -0.182487
2797 0.135961 0.238702
2798 -0.058333 -0.268293
2799 -0.022879 0.266476
2800 0.102949 -0.238549
2801 -0.170407 0.194707
2802 0.216568 -0.135056
2803 -0.242015 0.058828
2804 0.247889 0.023694
2805 -0.231644 -0.100964
2806 0.191004 0.168649
2807 -0.128582 -0.222680
2808 0.049354 0.256099
2809 0.038330 -0.266422
2810 -0.123458 0.248947
2811 0.197715 -0.199692
2812 -0.253833 0.122833
2813 0.282730 -0.028158
2814 -0.277758 -0.071205
2815 0.237759 0.163836
2816 -0.165981 -0.237979
2817 0.071741 0.282506
2818 0.031019 -0.291869
2819 -0.129478 0.263914
2820 0.211712 -0.201451
2821 -0.267606 0.112983
2822 0.289480 -0.010573
2823 -0.272866 -0.090827
2824 0.221083 0.178864
2825 -0.143546 -0.244183
2826 0.049781 0.278608
2827 0.049002 -0.278607
2828 -0.139457 0.245617
2829 0.210365 -0.184887
2830 -0.254759 0.105282
2831 0.268490 -0.016906
2832 -0.252579 -0.073094
2833 0.211638 0.154432
2834 -0.149502 -0.214571
2835 0.073163 0.249048
2836 0.008458 -0.257252
2837 -0.087105 0.238438
2838 0.155424 -0.195206
2839 -0.206982 0.132968
2840 0.237281 -0.057659
2841 -0.244297 -0.023890
2842 0.225549 0.104673
2843 -0.181746 -0.175296
2844 0.118042 0.227240
2845 -0.040243 -0.257420
2846 -0.044057 0.262098
2847 0.124428 -0.238162
2848 -0.193387 0.186300
2849 0.244298 -0.110973
2850 -0.270145 0.020064
2851 0.266671 0.075822
2852 -0.232519 -0.163662
2853 0.170465 0.233025
2854 -0.085428 -0.278075
2855 -0.012055 0.291066
2856 0.109537 -0.267105
2857 -0.195809 0.211396
2858 0.258014 -0.130412
2859 -0.287765 0.031287
2860 0.282956 0.073357
2861 -0.245583 -0.168551
2862 0.178332 0.242370
2863 -0.086977 -0.287496
2864 -0.015581 0.297705
2865 0.114400 -0.271191
2866 -0.200301 0.211699
2867 0.264038 -0.127718
2868 -0.292977 0.029254
2869 0.286329 0.071910
2870 -0.249222 -0.160250
2871 0.183908 0.227092
2872 -0.097658 -0.267693
2873 0.001491 0.276112
2874 0.091888 -0.253209
2875 -0.170036 0.204704
2876 0.225383 -0.135341
2877 -0.254160 0.051933
2878 0.254725 0.033594
2879 -0.226904 -0.111527
2880 0.175175 0.176849
2881 -0.107711 -0.223764
2882 0.032010 0.247799
2883 0.042925 -0.245758
2884 -0.112697 0.215473
2885 0.176002 -0.164598
2886 -0.223717 0.102387
2887 0.246573 -0.032571
2888 -0.240833 -0.042406
2889 0.210097 0.118371
2890 -0.161777 -0.184648
2891 0.096926 0.229739
2892 -0.016355 -0.250431
2893 -0.071561 0.247759
2894 0.154466 -0.221113
2895 -0.220608 0.170671
2896 0.263109 -0.097833
2897 -0.279450 0.006428
2898 0.271496 0.092585
2899 -0.240413 -0.183004
2900 0.181460 0.252854
2901 -0.095740 -0.297722
2902 -0.004062 0.315014
2903 0.104624 -0.300733
2904 -0.198909 0.252697
2905 0.278037 -0.179177
2906 -0.328791 0.090136
2907 0.343450 0.007344
2908 -0.319319 -0.102651
2909 0.260479 0.185564
2910 -0.175175 -0.247123
2911 0.071826 0.279005
2912 0.037707 -0.280170
2913 -0.137533 0.256071
2914 0.210907 -0.209480
2915 -0.250281 0.137970
2916 0.261876 -0.045203
2917 -0.255872 -0.050627
2918 0.232420 0.126381
2919 -0.181375 -0.172660
2920 0.106541 0.198819
2921 -0.030523 -0.216026
2922 -0.025917 0.215768
2923 0.062619 -0.182560
2924 -0.095980 0.123110
2925 0.132023 -0.067507
2926 -0.152179 0.035117
2927 0.140222 -0.018219
2928 -0.106102 0.004839
2929 0.069652 0.003576
2930 -0.038859 -0.003438
2931 0.019679 -0.006526
2932 -0.014271 0.028697
2933 0.013225 -0.060073
2934 -0.008785 0.081548
2935 0.009006 -0.076801
2936 -0.023428 0.048819
2937 0.048955 -0.010321
2938 -0.073764 -0.028941
2939 0.081594 0.060948
2940 -0.053293 -0.092907
2941 -0.002806 0.140397
2942 0.058086 -0.191184
2943 -0.111553 0.204451
2944 0.194147 -0.174070
2945 -0.301691 0.131578
2946 0.396084 -0.094472
2947 -0.442280 0.041108
2948 0.433579 0.055100
2949 -0.385575 -0.199142
2950 0.307909 0.357934
2951 -0.173454 -0.511604
2952 -0.015715 0.664756
2953 0.221794 -0.797361
2954 -0.444454 0.831765
2955 0.755099 -0.778948
2956 -1.117619 0.722130
2957 1.414317 -0.679026
2958 -1.572972 0.556094
2959 1.618494 -0.345531
2960 -1.502395 -0.003997
2961 1.303337 0.475993
2962 -0.949760 -1.040481
2963 0.117435 1.612203
2964 1.677099 -4.212868
2965 1.187916 9.610502
2966 -9.030900 -7.789139
2967 8.963341 -0.144231
2968 -3.678522 1.751924
2969 2.037243 -0.325029
2970 -1.453975 0.138768
2971 0.923204 0.049092
2972 -0.611839 -0.043181
2973 0.351542 0.043403
2974 -0.245176 0.006280
2975 0.197566 -0.088453
2976 -0.181700 0.177924
2977 0.192342 -0.214018
2978 -0.246609 0.231462
2979 0.286786 -0.224501
2980 -0.307031 0.172983
2981 0.318095 -0.079773
2982 -0.318610 -0.020975
2983 0.287980 0.114368
2984 -0.224514 -0.187942
2985 0.131961 0.241746
2986 -0.028559 -0.265903
2987 -0.076535 0.253646
2988 0.172515 -0.202280
2989 -0.255693 0.123522
2990 0.308416 -0.034541
2991 -0.316320 -0.060991
2992 0.286895 0.158337
2993 -0.226604 -0.238860
2994 0.135408 0.296926
2995 -0.028911 -0.331492
2996 -0.072770 0.333059
2997 0.161751 -0.292895
2998 -0.236210 0.218205
2999 0.285442 -0.120225
3000 -0.303586 0.013283
3001 0.288030 0.085247
3002 -0.234621 -0.164094
3003 0.147191 0.221761
3004 -0.044762 -0.257658
3005 -0.052302 0.264598
3006 0.133672 -0.233647
3007 -0.196295 0.169913
3008 0.234190 -0.086393
3009 -0.242749 -0.004150
3010 0.222676 0.089873
3011 -0.177791 -0.160551
3012 0.114214 0.209057
3013 -0.039643 -0.231668
3014 -0.037026 0.226047
3015 0.106452 -0.194362
3016 -0.165939 0.145674
3017 0.211267 -0.085892
3018 -0.234895 0.019307
3019 0.231908 0.049645
3020 -0.201208 -0.116670
3021 0.149321 0.173642
3022 -0.083228 -0.212689
3023 0.003542 0.231381
3024 0.081622 -0.228424
3025 -0.156179 0.199095
3026 0.213684 -0.141733
3027 -0.254817 0.064726
3028 0.269968 0.020842
3029 -0.248036 -0.106449
3030 0.192949 0.184616
3031 -0.115495 -0.244219
3032 0.025359 0.273749
3033 0.067568 -0.268172
3034 -0.155305 0.228012
3035 0.226467 -0.157974
3036 -0.271116 0.066548
3037 0.284128 0.031390
3038 -0.259464 -0.120735
3039 0.200656 0.194459
3040 -0.120330 -0.246107
3041 0.029631 0.268914
3042 0.060286 -0.259411
3043 -0.140214 0.220259
3044 0.203603 -0.159169
3045 -0.243084 0.083516
3046 0.253126 -0.001469
3047 -0.237817 -0.075716
3048 0.201669 0.142999
3049 -0.145670 -0.197708
3050 0.075090 0.232666
3051 0.003021 -0.244897
3052 -0.081893 0.232928
3053 0.154095 -0.197214
3054 -0.213460 0.141514
3055 0.254398 -0.068746
3056 -0.270515 -0.014968
3057 0.256889 0.102686
3058 -0.212292 -0.186221
3059 0.140722 0.252569
3060 -0.047708 -0.290775
3061 -0.059234 0.296643
3062 0.164730 -0.268923
3063 -0.253306 0.205574
3064 0.314923 -0.110060
3065 -0.339859 -0.002967
3066 0.323298 0.118105
3067 -0.265346 -0.223238
3068 0.171505 0.303765
3069 -0.055658 -0.348730
3070 -0.068083 0.352661
3071 0.187565 -0.312792
3072 -0.286818 0.233752
3073 0.350984 -0.125765
3074 -0.373723 0.002041
3075 0.352136 0.121939
3076 -0.287652 -0.232278
3077 0.187927 0.317506
3078 -0.066302 -0.366661
3079 -0.063051 0.371843
3080 0.187012 -0.332133
3081 -0.289359 0.252316
3082 0.358310 -0.141510
3083 -0.385606 0.011754
3084 0.365882 0.119990
3085 -0.301565 -0.235591
3086 0.200364 0.324603
3087 -0.076545 -0.375648
3088 -0.060706 0.379802
3089 0.194591 -0.344442
3090 -0.296475 0.269771
3091 0.360519 -0.157048
3092 -0.386003 0.025121
3093 0.365599 0.108025
3094 -0.302847 -0.225724
3095 0.208316 0.315563
3096 -0.090815 -0.367904
3097 -0.038807 0.374751
3098 0.158249 -0.339020
3099 -0.251556 0.269173
3100 0.315553 -0.171773
3101 -0.346280 0.058277
3102 0.341252 0.055799
3103 -0.302821 -0.159784
3104 0.236027 0.245468
3105 -0.146837 -0.305259
3106 0.045290 0.333712
3107 0.058607 -0.329486
3108 -0.157449 0.294979
3109 0.243534 -0.233787
3110 -0.307556 0.149941
3111 0.342214 -0.047603
3112 -0.343159 -0.062254
3113 0.306244 0.169171
3114 -0.237105 -0.268022
3115 0.140416 0.342144
3116 -0.019577 -0.377913
3117 -0.107719 0.371567
3118 0.225925 -0.318278
3119 -0.325528 0.223414
3120 0.393461 -0.099892
3121 -0.417606 -0.040685
3122 0.392081 0.179226
3123 -0.316283 -0.297481
3124 0.198233 0.389646
3125 -0.053042 -0.447322
3126 -0.101583 0.454818
3127 0.249372 -0.405021
3128 -0.375685 0.307095
3129 0.464080 -0.173820
3130 -0.500850 0.012995
3131 0.484401 0.159940
3132 -0.419255 -0.321390
3133 0.307152 0.452304
3134 -0.157496 -0.539905
3135 -0.013612 0.571250
3136 0.193013 -0.539182
3137 -0.360137 0.446185
3138 0.492524 -0.300875
3139 -0.577382 0.116904
3140 0.605944 0.083385
3141 -0.569128 -0.276057
3142 0.463050 0.444042
3143 -0.294981 -0.574910
3144 0.089257 0.655190
3145 0.121929 -0.669684
3146 -0.321009 0.604304
3147 0.504461 -0.464589
3148 -0.652002 0.278989
3149 0.725905 -0.073091
3150 -0.706324 -0.147950
3151 0.611135 0.376026
3152 -0.465809 -0.576749
3153 0.279186 0.711105
3154 -0.057901 -0.762668
3155 -0.177315 0.732107
3156 0.399856 -0.624862
3157 -0.582183 0.452167
3158 0.696504 -0.234955
3159 -0.723346 -0.012497
3160 0.667845 0.273668
3161 -0.544286 -0.516718
3162 0.364023 0.703233
3163 -0.138321 -0.807936
3164 -0.114414 0.818558
3165 0.375287 -0.738913
3166 -0.612078 0.589298
3167 0.777958 -0.387343
3168 -0.843510 0.125719
3169 0.827549 0.180075
3170 -0.742682 -0.468782
3171 0.568742 0.680676
3172 -0.291610 -0.806691
3173 -0.052643 0.853698
3174 0.408337 -0.821011
3175 -0.717396 0.688801
3176 0.945611 -0.447882
3177 -1.069781 0.120001
3178 1.058208 0.237124
3179 -0.867678 -0.614812
3180 0.548169 0.975282
3181 -0.129960 -1.207766
3182 -0.427841 1.201681
3183 1.175229 -1.005254
3184 -1.999870 0.642638
3185 2.832732 -0.127514
3186 -3.536389 -0.585938
3187 4.031998 1.478336
3188 -4.214795 -2.909393
3189 4.488833 4.600669
3190 -3.865110 -7.914586
3191 8.579228 14.289493
3192 -19.426517 -10.750126
3193 18.313218 -1.413854
3194 -8.913658 3.618228
3195 5.377680 -0.444366
3196 -4.151108 -0.601080
3197 2.957927 1.221211
3198 -2.080544 -1.463473
3199 1.333206 1.537295
3200 -0.767345 -1.427287
3201 0.331395 1.251241
3202 -0.053330 -0.980815
3203 -0.151266 0.697629
3204 0.254839 -0.450955
3205 -0.264511 0.247347
3206 0.216203 -0.067795
3207 -0.162502 -0.048304
3208 0.097707 0.097258
3209 -0.030159 -0.092643
3210 -0.029105 0.058378
3211 0.058718 -0.006583
3212 -0.054155 -0.053376
3213 0.024347 0.121211
3214 0.008655 -0.176082
3215 -0.049580 0.196940
3216 0.105388 -0.187724
3217 -0.165282 0.168395
3218 0.210378 -0.136529
3219 -0.238885 0.090073
3220 0.246328 -0.038776
3221 -0.228227 -0.010962
3222 0.189699 0.063314
3223 -0.141100 -0.110153
3224 0.087231 0.139928
3225 -0.035072 -0.148455
3226 -0.015688 0.137083
3227 0.064869 -0.108355
3228 -0.105367 0.070211
3229 0.128521 -0.031039
3230 -0.128715 -0.006422
3231 0.107160 0.044423
3232 -0.075029 -0.078263
3233 0.038878 0.099455
3234 -0.000984 -0.104174
3235 -0.034523 0.096536
3236 0.060970 -0.079561
3237 -0.076724 0.049381
3238 0.082263 -0.010234
3239 -0.075093 -0.024142
3240 0.055535 0.051326
3241 -0.030224 -0.069458
3242 0.003145 0.072937
3243 0.025152 -0.061299
3244 -0.050992 0.037532
3245 0.069281 -0.008089
3246 -0.077333 -0.020870
3247 0.070561 0.048039
3248 -0.050758 -0.070281
3249 0.023714 0.082523
3250 0.008206 -0.082889
3251 -0.042150 0.073085
3252 0.070029 -0.052499
3253 -0.085664 0.021701
3254 0.090823 0.013333
3255 -0.086105 -0.044596
3256 0.067122 0.069229
3257 -0.035878 -0.086544
3258 -0.000381 0.094099
3259 0.035940 -0.090266
3260 -0.067740 0.076561
3261 0.092034 -0.052580
3262 -0.106378 0.017758
3263 0.112517 0.023066
3264 -0.115203 -0.055136
3265 0.092723 0.066009
3266 -0.033494 -0.086163
3267 -0.015634 0.121355
3268 0.042614 -0.132334
3269 -0.071254 0.119271
3270 0.095376 -0.094316
3271 -0.107350 0.057260
3272 0.108612 -0.009495
3273 -0.099196 -0.039871
3274 0.076354 0.080845
3275 -0.041236 -0.110082
3276 -0.001471 0.124797
3277 0.047264 -0.123568
3278 -0.091278 0.104877
3279 0.127561 -0.068762
3280 -0.150333 0.020034
3281 0.155396 0.036292
3282 -0.141132 -0.094376
3283 0.107925 0.144614
3284 -0.057195 -0.180886
3285 -0.005512 0.197120
3286 0.071301 -0.188994
3287 -0.132448 0.158508
3288 0.180552 -0.105320
3289 -0.206612 0.033520
3290 0.210177 0.049377
3291 -0.197792 -0.120596
3292 0.152100 0.161945
3293 -0.071221 -0.192449
3294 -0.010773 0.208125
3295 0.084408 -0.187971
3296 -0.151752 0.138555
3297 0.205896 -0.072565
3298 -0.234584 -0.001228
3299 0.227839 0.076123
3300 -0.192503 -0.143443
3301 0.136247 0.196887
3302 -0.064795 -0.230449
3303 -0.014291 0.238714
3304 0.094388 -0.221338
3305 -0.166741 0.179384
3306 0.222844 -0.119263
3307 -0.256515 0.045993
3308 0.262854 0.036269
3309 -0.241368 -0.119558
3310 0.193409 0.197017
3311 -0.122051 -0.257168
3312 0.032955 0.288031
3313 0.066543 -0.285711
3314 -0.164222 0.252541
3315 0.246874 -0.190013
3316 -0.304080 0.100345
3317 0.327144 0.006696
3318 -0.311135 -0.116832
3319 0.256271 0.214401
3320 -0.168231 -0.287667
3321 0.056607 0.329421
3322 0.063263 -0.332893
3323 -0.175226 0.294303
3324 0.268136 -0.216376
3325 -0.330660 0.111512
3326 0.353082 0.005938
3327 -0.333670 -0.123756
3328 0.275262 0.226503
3329 -0.184163 -0.307500
3330 0.070355 0.358938
3331 0.053571 -0.369285
3332 -0.173870 0.338360
3333 0.276994 -0.270105
3334 -0.352358 0.169000
3335 0.393971 -0.044567
3336 -0.397640 -0.088272
3337 0.358943 0.214887
3338 -0.277471 -0.324036
3339 0.158860 0.404119
3340 -0.015223 -0.450100
3341 -0.125469 0.456151
3342 0.250157 -0.395778
3343 -0.368959 0.276928
3344 0.457436 -0.137038
3345 -0.486475 -0.020079
3346 0.456302 0.187941
3347 -0.372517 -0.341939
3348 0.241134 0.460502
3349 -0.076092 -0.527481
3350 -0.102171 0.531009
3351 0.275641 -0.468595
3352 -0.424602 0.350122
3353 0.525261 -0.190245
3354 -0.565081 0.000756
3355 0.542751 0.196641
3356 -0.457155 -0.373091
3357 0.313487 0.510083
3358 -0.126571 -0.592885
3359 -0.084510 0.609893
3360 0.292572 -0.562875
3361 -0.473101 0.454300
3362 0.606393 -0.286420
3363 -0.676368 0.074847
3364 0.672846 0.155386
3365 -0.592422 -0.380543
3366 0.441747 0.575354
3367 -0.235877 -0.713660
3368 -0.007120 0.775771
3369 0.263047 -0.751022
3370 -0.507066 0.639367
3371 0.710116 -0.455828
3372 -0.839214 0.218688
3373 0.873556 0.059382
3374 -0.817533 -0.354658
3375 0.681839 0.623582
3376 -0.469388 -0.826122
3377 0.185436 0.942834
3378 0.141376 -0.973484
3379 -0.467730 0.912430
3380 0.754957 -0.750305
3381 -0.974214 0.494041
3382 1.101015 -0.167991
3383 -1.119430 -0.195675
3384 1.019591 0.557758
3385 -0.801881 -0.874364
3386 0.473013 1.108000
3387 -0.061649 -1.237870
3388 -0.383296 1.243739
3389 0.813429 -1.105183
3390 -1.175722 0.821816
3391 1.434112 -0.369045
3392 -1.664504 -0.162899
3393 1.733201 0.569408
3394 -1.464584 -0.948917
3395 1.014444 1.375633
3396 -0.489668 -1.702556
3397 -0.105715 1.859251
3398 0.709543 -1.808848
3399 -1.290429 1.523536
3400 1.795216 -1.032268
3401 -2.167943 0.384105
3402 2.327370 0.362118
3403 -2.241838 -1.168739
3404 1.895763 1.947733
3405 -1.294138 -2.604114
3406 0.409401 3.062233
3407 0.652309 -3.303199
3408 -1.799748 3.194890
3409 2.939883 -2.627982
3410 -4.118573 1.516277
3411 5.184022 0.077316
3412 -6.157488 -2.222502
3413 6.654978 4.879730
3414 -6.907318 -8.625051
3415 6.148905 14.387025
3416 -10.945137 -27.164541
3417 32.559766 29.830681
3418 -42.434907 -6.656377
3419 25.399050 -7.691011
3420 -12.865883 2.907899
3421 9.289402 0.532034
3422 -6.205036 -2.095235
3423 4.159659 2.987177
3424 -2.360361 -3.173366
3425 1.061256 2.997767
3426 -0.027071 -2.465757
3427 -0.655889 1.815151
3428 1.038764 -1.100335
3429 -1.099262 0.402977
3430 0.959213 0.237547
3431 -0.640182 -0.718800
3432 0.194520 1.035697
3433 0.328850 -1.192927
3434 -0.838595 1.214285
3435 1.287932 -1.121693
3436 -1.589331 0.974070
3437 1.665725 -0.763427
3438 -1.521227 0.438383
3439 1.267310 -0.012193
3440 -0.978165 -0.405778
3441 0.675452 0.727285
3442 -0.352936 -0.906873
3443 0.020474 0.946639
3444 0.297984 -0.868531
3445 -0.564109 0.697763
3446 0.754450 -0.458808
3447 -0.850567 0.187253
3448 0.844777 0.087282
3449 -0.741709 -0.337602
3450 0.566053 0.539716
3451 -0.342034 -0.671409
3452 0.097468 0.718428
3453 0.138999 -0.676865
3454 -0.342211 0.558801
3455 0.494883 -0.384108
3456 -0.580402 0.182769
3457 0.588164 0.019799
3458 -0.522060 -0.207082
3459 0.402901 0.361830
3460 -0.247733 -0.464070
3461 0.072841 0.504020
3462 0.102600 -0.487260
3463 -0.255953 0.425029
3464 0.369631 -0.321716
3465 -0.435761 0.188076
3466 0.454087 -0.040556
3467 -0.427919 -0.104458
3468 0.364092 0.229112
3469 -0.266919 -0.318994
3470 0.145346 0.368548
3471 -0.010866 -0.377004
3472 -0.121237 0.347424
3473 0.234979 -0.282774
3474 -0.318312 0.186934
3475 0.364790 -0.070405
3476 -0.370462 -0.049167
3477 0.331312 0.159949
3478 -0.251128 -0.253059
3479 0.148137 0.315561
3480 -0.033291 -0.334466
3481 -0.088068 0.311801
3482 0.196041 -0.257374
3483 -0.272303 0.174951
3484 0.311011 -0.072967
3485 -0.309548 -0.034311
3486 0.271314 0.134414
3487 -0.203590 -0.214777
3488 0.118746 0.264662
3489 -0.027574 -0.276301
3490 -0.060554 0.252868
3491 0.138593 -0.200648
3492 -0.195822 0.139571
3493 0.206366 -0.071697
3494 -0.191422 -0.020143
3495 0.176035 0.098821
3496 -0.136011 -0.144407
3497 0.077191 0.173108
3498 -0.016629 -0.181011
3499 -0.041947 0.167556
3500 0.092394 -0.137526
3501 -0.127540 0.096729
3502 0.144438 -0.049086
3503 -0.145395 -0.001763
3504 0.132646 0.049360
3505 -0.106218 -0.087598
3506 0.068133 0.110189
3507 -0.025666 -0.116383
3508 -0.014468 0.113220
3509 0.050083 -0.098747
3510 -0.078152 0.071134
3511 0.095096 -0.036266
3512 -0.097893 -0.001293
3513 0.087642 0.034554
3514 -0.067752 -0.059622
3515 0.037979 0.077496
3516 -0.002441 -0.085902
3517 -0.030796 0.082836
3518 0.057319 -0.069567
3519 -0.077117 0.049143
3520 0.090431 -0.024539
3521 -0.094176 0.002170
3522 0.086620 0.014246
3523 -0.069687 -0.025780
3524 0.046702 0.030409
3525 -0.021267 -0.026354
3526 -0.003187 0.016516
3527 0.024700 -0.005697
3528 -0.037910 -0.002835
3529 0.038388 0.008711
3530 -0.029973 -0.013415
3531 0.017318 0.016365
3532 0.000741 -0.013365
3533 -0.018431 0.006057
3534 0.028422 0.002870
3535 -0.032496 -0.016396
3536 0.031292 0.033890
3537 -0.022078 -0.049255
3538 0.005260 0.058596
3539 0.015758 -0.060930
3540 -0.039364 0.055245
3541 0.063166 -0.041034
3542 -0.080438 0.018444
3543 0.087236 0.011460
3544 -0.081561 -0.045494
3545 0.064108 0.077860
3546 -0.036000 -0.101687
3547 -0.001623 0.112448
3548 0.044567 -0.108132
3549 -0.086249 0.089095
3550 0.118528 -0.055005
3551 -0.137716 0.009565
3552 0.141714 0.040041
3553 -0.127352 -0.087395
3554 0.095782 0.127349
3555 -0.049677 -0.152973
3556 -0.006847 0.160949
3557 0.065048 -0.152728
3558 -0.114704 0.124084
3559 0.150282 -0.072945
3560 -0.168377 0.007805
3561 0.165589 0.061228
3562 -0.137949 -0.126711
3563 0.084096 0.183424
3564 -0.010158 -0.226466
3565 -0.072298 0.246514
3566 0.153353 -0.235090
3567 -0.229792 0.190889
3568 0.300326 -0.132137
3569 -0.333086 0.073415
3570 0.313339 0.006834
3571 -0.265250 -0.101741
3572 0.193803 0.182225
3573 -0.099905 -0.236862
3574 -0.008518 0.257915
3575 0.124372 -0.246228
3576 -0.230627 0.205029
3577 0.309057 -0.133090
3578 -0.353678 0.031824
3579 0.363563 0.086501
3580 -0.331913 -0.203837
3581 0.259005 0.306102
3582 -0.152773 -0.378825
3583 0.020875 0.414136
3584 0.124139 -0.405359
3585 -0.261948 0.348772
3586 0.379608 -0.250857
3587 -0.464590 0.119341
3588 0.502154 0.035881
3589 -0.483200 -0.197716
3590 0.406389 0.352315
3591 -0.278439 -0.479676
3592 0.108264 0.567440
3593 0.064160 -0.605307
3594 -0.226432 0.538818
3595 0.423303 -0.390033
3596 -0.596549 0.228858
3597 0.685728 -0.028905
3598 -0.706763 -0.205353
3599 0.652100 0.432092
3600 -0.517061 -0.635640
3601 0.326734 0.800824
3602 -0.110016 -0.893220
3603 -0.121664 0.880146
3604 0.366448 -0.760850
3605 -0.599859 0.566331
3606 0.780100 -0.321978
3607 -0.869239 0.039588
3608 0.856194 0.259809
3609 -0.735078 -0.545948
3610 0.514229 0.796286
3611 -0.219401 -0.969931
3612 -0.125323 1.032360
3613 0.494603 -0.973647
3614 -0.843020 0.794083
3615 1.131419 -0.495334
3616 -1.316839 0.102826
3617 1.364006 0.346861
3618 -1.241698 -0.811454
3619 0.955593 1.250566
3620 -0.531435 -1.598610
3621 0.002709 1.790338
3622 0.607195 -1.779673
3623 -1.233758 1.568246
3624 1.794099 -1.160553
3625 -2.196281 0.571323
3626 2.388582 0.180038
3627 -2.323790 -1.020249
3628 1.995175 1.862876
3629 -1.374975 -2.597014
3630 0.499290 3.158371
3631 0.586162 -3.442803
3632 -1.779763 3.374067
3633 3.042866 -2.878187
3634 -4.207321 1.990316
3635 5.157667 -0.656786
3636 -5.668757 -1.074168
3637 5.728833 3.261866
3638 -5.031059 -5.756632
3639 3.614358 8.715703
3640 -0.775149 -12.002980
3641 -3.244081 16.546342
3642 11.829624 -23.699829
3643 -16.163566 49.322113
3644 -17.388382 -70.468369
3645 49.796891 40.152660
3646 -33.553531 -6.929492
3647 13.583260 6.111294
3648 -7.962503 -7.732154
3649 3.658363 6.940487
3650 -1.076853 -6.052037
3651 -0.839067 4.634732
3652 1.879551 -3.229145
3653 -2.430175 1.736269
3654 2.472562 -0.460492
3655 -2.179976 -0.595511
3656 1.570048 1.337167
3657 -0.835707 -1.816215
3658 0.064286 1.978889
3659 0.627617 -1.871826
3660 -1.206956 1.526830
3661 1.603134 -1.032689
3662 -1.800349 0.449958
3663 1.778638 0.132935
3664 -1.572135 -0.670643
3665 1.215375 1.096565
3666 -0.763926 -1.369603
3667 0.256468 1.472137
3668 0.245293 -1.422397
3669 -0.688294 1.225856
3670 1.023544 -0.909978
3671 -1.228798 0.509896
3672 1.289486 -0.073308
3673 -1.218506 -0.353426
3674 1.028573 0.713818
3675 -0.737310 -0.976070
3676 0.374571 1.125672
3677 0.007715 -1.154886
3678 -0.368880 1.060327
3679 0.671410 -0.861864
3680 -0.884986 0.584412
3681 0.992289 -0.258089
3682 -0.994417 -0.081406
3683 0.894162 0.391435
3684 -0.704577 -0.640982
3685 0.448651 0.810257
3686 -0.160413 -0.889162
3687 -0.130922 0.873194
3688 0.394694 -0.765870
3689 -0.606421 0.578866
3690 0.749089 -0.340617
3691 -0.812740 0.080587
3692 0.787052 0.177628
3693 -0.690636 -0.413999
3694 0.534992 0.572554
3695 -0.286524 -0.652894
3696 -0.006351 0.708121
3697 0.262276 -0.701020
3698 -0.471844 0.607156
3699 0.621518 -0.454901
3700 -0.694359 0.247765
3701 0.692398 0.000458
3702 -0.628537 -0.250245
3703 0.506068 0.456704
3704 -0.325263 -0.594084
3705 0.097786 0.653722
3706 0.146114 -0.637603
3707 -0.367716 0.546224
3708 0.539672 -0.383145
3709 -0.645046 0.165813
3710 0.670152 0.077047
3711 -0.614778 -0.313444
3712 0.483660 0.512259
3713 -0.286400 -0.650898
3714 0.053495 0.710422
3715 0.181759 -0.685721
3716 -0.387855 0.581797
3717 0.542684 -0.417460
3718 -0.602347 0.200911
3719 0.604681 0.099681
3720 -0.631652 -0.361664
3721 0.563813 0.482467
3722 -0.363423 -0.570530
3723 0.142166 0.636062
3724 0.073593 -0.631197
3725 -0.271254 0.559104
3726 0.431571 -0.430014
3727 -0.542731 0.266761
3728 0.589675 -0.077353
3729 -0.566644 -0.120496
3730 0.481518 0.295373
3731 -0.346078 -0.428914
3732 0.172490 0.510344
3733 0.016983 -0.536282
3734 -0.195793 0.502389
3735 0.347660 -0.406246
3736 -0.459761 0.261714
3737 0.518363 -0.092099
3738 -0.518326 -0.080868
3739 0.459130 0.243952
3740 -0.347564 -0.381066
3741 0.202139 0.471211
3742 -0.041056 -0.503358
3743 -0.121152 0.476273
3744 0.266849 -0.395552
3745 -0.373374 0.275519
3746 0.422167 -0.128459
3747 -0.411897 -0.034585
3748 0.352204 0.188439
3749 -0.253223 -0.305246
3750 0.122668 0.369496
3751 0.025303 -0.378587
3752 -0.164137 0.338562
3753 0.271908 -0.255275
3754 -0.347826 0.135832
3755 0.402568 -0.013672
3756 -0.421789 -0.058550
3757 0.357828 0.068000
3758 -0.208653 -0.068376
3759 0.053842 0.109028
3760 0.051415 -0.156153
3761 -0.115802 0.162605
3762 0.153939 -0.133362
3763 -0.175572 0.084932
3764 0.184046 -0.026377
3765 -0.171407 -0.036380
3766 0.136074 0.113979
3767 -0.108487 -0.210524
3768 0.106924 0.283390
3769 -0.092548 -0.306414
3770 0.040739 0.302808
3771 0.031252 -0.286342
3772 -0.106070 0.253422
3773 0.173100 -0.199249
3774 -0.223358 0.125040
3775 0.249145 -0.039472
3776 -0.244987 -0.047927
3777 0.211131 0.126893
3778 -0.153547 -0.186408
3779 0.081501 0.220151
3780 -0.004710 -0.226527
3781 -0.067151 0.206477
3782 0.124954 -0.161943
3783 -0.163668 0.097482
3784 0.181383 -0.023704
3785 -0.173273 -0.049275
3786 0.138426 0.117061
3787 -0.085086 -0.175730
3788 0.012496 0.216975
3789 0.066710 -0.236194
3790 -0.122859 0.237120
3791 0.168267 -0.218854
3792 -0.204115 0.181853
3793 0.231708 -0.123934
3794 -0.249181 0.100385
3795 0.172616 -0.100103
3796 -0.060710 0.020850
3797 0.022677 0.065361
3798 -0.000802 -0.087481
3799 -0.030248 0.084523
3800 0.052930 -0.066914
3801 -0.061641 0.039225
3802 0.053223 -0.002702
3803 -0.035365 -0.033414
3804 0.011505 0.058518
3805 0.019266 -0.071810
3806 -0.053013 0.076636
3807 0.080729 -0.071220
3808 -0.101146 0.053044
3809 0.115301 -0.028631
3810 -0.121956 0.005061
3811 0.130526 0.004799
3812 -0.120520 0.034191
3813 0.031009 -0.096392
3814 0.107652 0.083191
3815 -0.179192 -0.004377
3816 0.164528 -0.033758
3817 -0.124882 0.010332
3818 0.089015 0.030836
3819 -0.057445 -0.057422
3820 0.017514 0.071078
3821 0.038151 -0.076407
3822 -0.085946 0.057535
3823 0.114036 -0.014709
3824 -0.123676 -0.039867
3825 0.111943 0.097618
3826 -0.076037 -0.146118
3827 0.018160 0.177959
3828 0.056811 -0.188934
3829 -0.132382 0.177324
3830 0.196786 -0.132421
3831 -0.250324 0.052710
3832 0.290980 0.044308
3833 -0.299350 -0.144942
3834 0.266000 0.251199
3835 -0.199765 -0.356449
3836 0.118571 0.443683
3837 -0.027075 -0.482967
3838 -0.079892 0.453796
3839 0.205972 -0.360353
3840 -0.333180 0.221280
3841 0.431345 -0.042191
3842 -0.469210 -0.167689
3843 0.453410 0.386776
3844 -0.375670 -0.570649
3845 0.213540 0.696073
3846 0.031523 -0.763031
3847 -0.309667 0.770501
3848 0.577878 -0.686667
3849 -0.803447 0.486712
3850 0.980672 -0.163162
3851 -1.085619 -0.208978
3852 1.080408 0.580940
3853 -0.916319 -0.959247
3854 0.627709 1.322699
3855 -0.211443 -1.589598
3856 -0.303179 1.728301
3857 0.908012 -1.677652
3858 -1.534935 1.431058
3859 2.158505 -0.944628
3860 -2.659643 0.245107
3861 3.011527 0.700219
3862 -3.029811 -1.815096
3863 2.743144 3.158369
3864 -1.869308 -4.542488
3865 0.501934 6.105847
3866 2.069479 -7.541010
3867 -5.466902 9.521953
3868 13.945457 -11.409196
3869 -24.756991 30.385022
3870 3.161406 -54.911307
3871 27.527517 37.760013
3872 -20.577311 -10.638034
3873 6.812638 7.439292
3874 -2.959711 -7.118693
3875 -0.120023 5.576039
3876 1.805844 -4.273019
3877 -2.974222 2.763316
3878 3.403424 -1.417384
3879 -3.431820 0.115191
3880 3.031624 0.943509
3881 -2.424768 -1.765229
3882 1.666106 2.241232
3883 -0.863815 -2.401570
3884 0.028701 2.241927
3885 0.720227 -1.868082
3886 -1.320918 1.347302
3887 1.681600 -0.757527
3888 -1.797719 0.130173
3889 1.688503 0.469409
3890 -1.417861 -0.980074
3891 1.021835 1.332948
3892 -0.550312 -1.502961
3893 0.065062 1.495831
3894 0.398320 -1.258288
3895 -0.969426 0.912267
3896 1.392322 -0.737743
3897 -1.404354 0.477750
3898 1.297156 0.006010
3899 -1.169516 -0.459766
3900 0.922404 0.821662
3901 -0.588462 -1.091212
3902 0.199447 1.238958
3903 0.198799 -1.253282
3904 -0.572104 1.123110
3905 0.887859 -0.864754
3906 -1.116740 0.513652
3907 1.218952 -0.114040
3908 -1.175262 -0.295443
3909 0.991384 0.669736
3910 -0.692256 -0.964434
3911 0.302319 1.147179
3912 0.117238 -1.184797
3913 -0.498807 1.062822
3914 0.815058 -0.819296
3915 -1.037243 0.486576
3916 1.132932 -0.104923
3917 -1.097983 -0.268179
3918 0.937838 0.593064
3919 -0.682289 -0.850767
3920 0.386229 1.005664
3921 -0.087021 -1.021886
3922 -0.204224 0.902274
3923 0.457238 -0.683955
3924 -0.648684 0.403975
3925 0.730748 -0.143425
3926 -0.582679 -0.166451
3927 0.416048 0.673665
3928 -0.469531 -1.045796
3929 0.435529 1.046066
3930 -0.164850 -0.928181
3931 -0.181951 0.823099
3932 0.477803 -0.725368
3933 -0.639416 0.565785
3934 0.716792 -0.296660
3935 -0.754840 -0.001568
3936 0.724998 0.268523
3937 -0.615723 -0.495759
3938 0.444004 0.673759
3939 -0.231165 -0.785746
3940 -0.003764 0.817829
3941 0.232198 -0.776053
3942 -0.432951 0.665115
3943 0.595749 -0.468699
3944 -0.687366 0.194201
3945 0.734337 0.109668
3946 -0.732531 -0.337386
3947 0.581228 0.485746
3948 -0.333591 -0.620694
3949 0.077239 0.689502
3950 0.177434 -0.660505
3951 -0.400817 0.549444
3952 0.570342 -0.372747
3953 -0.665989 0.158202
3954 0.673986 0.068661
3955 -0.603610 -0.280673
3956 0.474388 0.447383
3957 -0.304198 -0.550628
3958 0.114949 0.589733
3959 0.070793 -0.569066
3960 -0.237398 0.498041
3961 0.372554 -0.388066
3962 -0.469182 0.245958
3963 0.525865 -0.084537
3964 -0.531940 -0.078080
3965 0.474154 0.242656
3966 -0.367356 -0.415506
3967 0.246576 0.551983
3968 -0.105887 -0.625579
3969 -0.071515 0.655176
3970 0.240638 -0.611009
3971 -0.374491 0.467760
3972 0.464252 -0.264733
3973 -0.490843 0.046137
3974 0.467932 0.175380
3975 -0.375740 -0.372525
3976 0.200932 0.511977
3977 0.003359 -0.583160
3978 -0.202836 0.572492
3979 0.377438 -0.483562
3980 -0.505378 0.323865
3981 0.556064 -0.122864
3982 -0.518819 -0.182034
3983 0.595400 0.536272
3984 -0.709128 -0.615702
3985 0.540215 0.543424
3986 -0.260659 -0.572370
3987 0.042690 0.575936
3988 0.156887 -0.510155
3989 -0.315218 0.405292
3990 0.420921 -0.262669
3991 -0.473323 0.101311
3992 0.460156 0.057447
3993 -0.380193 -0.203034
3994 0.275830 0.317471
3995 -0.160528 -0.394019
3996 0.038786 0.425428
3997 0.072326 -0.386573
3998 -0.176799 0.313053
3999 0.251139 -0.230403
4000 -0.285058 0.123076
4001 0.296328 -0.004727
4002 -0.286693 -0.100562
4003 0.234134 0.193732
4004 -0.156912 -0.262954
4005 0.087213 0.282120
4006 0.009537 -0.269226
4007 -0.139223 0.242173
4008 0.251670 -0.198317
4009 -0.313392 0.090188
4010 0.407575 0.122838
4011 -0.614434 -0.286423
4012 0.745515 0.242351
4013 -0.601882 -0.146951
4014 0.322870 0.202783
4015 -0.125623 -0.334147
4016 0.014039 0.381746
4017 0.098659 -0.331981
4018 -0.210417 0.253633
4019 0.280367 -0.174779
4020 -0.325105 0.086728
4021 0.341398 0.003761
4022 -0.311474 -0.097790
4023 0.267712 0.200166
4024 -0.227910 -0.276200
4025 0.162021 0.305644
4026 -0.057263 -0.319779
4027 -0.047209 0.335141
4028 0.120197 -0.321828
4029 -0.177197 0.258373
4030 0.229787 -0.160984
4031 -0.265150 0.051629
4032 0.266464 0.053247
4033 -0.226065 -0.150936
4034 0.146599 0.251648
4035 -0.038836 -0.321115
4036 -0.071974 0.331648
4037 0.160061 -0.298875
4038 -0.275213 0.217986
4039 0.417652 -0.210053
4040 -0.411405 0.262940
4041 0.307560 -0.165819
4042 -0.265434 0.005199
4043 0.226167 0.095022
4044 -0.161766 -0.151976
4045 0.075768 0.182100
4046 0.031707 -0.207904
4047 -0.131731 0.199671
4048 0.211811 -0.149095
4049 -0.264472 0.071433
4050 0.282819 0.021339
4051 -0.266335 -0.111379
4052 0.215113 0.178065
4053 -0.140797 -0.215755
4054 0.045863 0.239973
4055 0.068830 -0.239134
4056 -0.163804 0.209342
4057 0.209935 -0.175086
4058 -0.209981 0.132622
4059 0.183855 -0.065336
4060 -0.159488 -0.013912
4061 0.146805 0.076769
4062 -0.125055 -0.103712
4063 0.061940 0.106420
4064 0.016376 -0.113887
4065 -0.069164 0.123233
4066 0.112251 -0.104905
4067 -0.142166 0.028862
4068 0.157082 0.083857
4069 -0.177205 -0.169666
4070 0.176761 0.203776
4071 -0.113736 -0.226107
4072 0.017374 0.280813
4073 0.044235 -0.343304
4074 -0.070605 0.351639
4075 0.113244 -0.293903
4076 -0.188800 0.231903
4077 0.262048 -0.214946
4078 -0.292580 0.216373
4079 0.281598 -0.184300
4080 -0.270898 0.110936
4081 0.279117 -0.048694
4082 -0.293886 0.038303
4083 0.282846 -0.060707
4084 -0.225657 0.071239
4085 0.168366 -0.042473
4086 -0.165451 0.010893
4087 0.197845 -0.035471
4088 -0.198716 0.094261
4089 0.158567 -0.124569
4090 -0.105685 0.119020
4091 0.049016 -0.093476
4092 -0.001665 0.056125
4093 -0.022616 -0.019524
4094 0.018282 -0.000588
4095 0.005246 0.002154
