0 0.104232 0.000000
1 0.034895 -0.123336
2 -0.119499 -0.046625
3 -0.072498 0.109744
4 0.104631 0.096244
5 0.111676 -0.095085
6 -0.075291 -0.129997
7 -0.143860 0.066843
8 0.047731 0.139392
9 0.139365 -0.000235
10 0.013518 -0.166588
11 -0.126146 -0.039967
12 -0.108537 0.141034
13 0.150278 0.123413
14 0.142832 -0.130952
15 -0.094805 -0.185313
16 -0.241527 0.077348
17 0.067538 0.293821
18 0.343151 -0.073815
19 -0.089098 -0.358244
20 -0.344160 0.087900
21 0.050386 0.281227
22 0.210911 0.074444
23 0.308860 -0.159571
24 -0.247586 -0.681106
25 -1.148215 0.607098
26 1.513185 1.468992
27 0.632445 -3.263229
28 -2.247469 2.375488
29 1.049549 -0.103726
30 0.637420 -0.449249
31 -0.580062 -0.376104
32 -0.234862 0.317703
33 0.162776 0.230564
34 0.248987 -0.044163
35 0.010253 -0.266504
36 -0.264619 -0.037709
37 -0.052300 0.241745
38 0.204219 0.070406
39 0.095290 -0.158924
40 -0.124489 -0.127997
41 -0.156802 0.096357
42 0.080631 0.179679
43 0.188910 -0.063265
44 -0.048921 -0.195134
45 -0.188943 0.042411
46 0.024034 0.167920
47 0.153625 -0.005920
48 0.014001 -0.128769
49 -0.108467 -0.038814
50 -0.055552 0.088124
51 0.065987 0.098694
52 0.102930 -0.091175
53 -0.069331 -0.091522
54 -0.089615 0.055021
55 0.041824 0.083190
56 0.068177 -0.020099
57 0.004442 -0.057079
58 -0.050018 -0.037607
59 -0.053685 0.057657
60 0.054442 0.053382
61 0.048931 -0.021298
62 -0.014416 -0.085446
63 -0.070735 0.020343
64 0.004646 0.065997
65 0.057912 0.011112
66 0.028751 -0.053497
67 -0.049147 -0.049152
68 -0.063543 0.057900
69 0.055627 0.058934
70 0.062351 -0.043734
71 -0.033929 -0.062900
72 -0.064057 0.019864
73 0.004374 0.062980
74 0.069252 0.015026
75 0.025976 -0.075123
76 -0.079865 -0.035508
77 -0.039588 0.080772
78 0.074831 0.043379
79 0.049378 -0.068326
80 -0.057901 -0.052349
81 -0.058327 0.046210
82 0.033106 0.058403
83 0.062111 -0.016927
84 -0.006571 -0.059255
85 -0.052648 -0.009621
86 -0.025481 0.052775
87 0.048656 0.032132
88 0.043972 -0.043090
89 -0.038118 -0.049049
90 -0.052781 0.029589
91 0.017971 0.054461
92 0.057851 -0.006551
93 -0.000249 -0.058194
94 -0.051176 -0.008437
95 -0.018107 0.045225
96 0.036985 0.026017
97 0.033207 -0.028100
98 -0.018991 -0.039092
99 -0.041410 0.011449
100 0.001458 0.040349
101 0.041757 -0.000826
102 0.008139 -0.005798
103 -0.019987 -0.052756
104 -0.037754 0.027550
105 0.011913 0.044163
106 0.051611 -0.003695
107 0.006189 -0.054996
108 -0.059090 -0.016461
109 -0.027905 0.058144
110 0.052776 0.041327
111 0.045457 -0.005248
112 -0.050640 -0.255355
113 -0.045990 0.289531
114 0.062036 -0.033363
115 0.036992 -0.050175
116 -0.036477 -0.052174
117 -0.065655 0.027474
118 0.021919 0.072024
119 0.075668 -0.015269
120 -0.008737 -0.072829
121 -0.064234 0.000989
122 -0.032818 0.056215
123 0.079358 0.021680
124 0.024188 -0.035790
125 -0.031128 -0.047072
126 -0.051162 0.023316
127 0.011844 0.053681
128 0.055864 -0.001130
129 0.008981 -0.055606
130 -0.051773 -0.018242
131 -0.030691 0.043682
132 0.037584 0.043837
133 0.056403 -0.032311
134 -0.024791 -0.063418
135 -0.075781 0.017574
136 0.014698 0.081171
137 0.083955 -0.012833
138 -0.010392 -0.075714
139 -0.064056 -0.004268
140 -0.021596 0.061134
141 0.058023 0.035977
142 0.049363 -0.057769
143 -0.058098 -0.057944
144 -0.064554 0.060472
145 0.057556 0.051733
146 0.054331 -0.034005
147 -0.022326 -0.059342
148 -0.063696 0.009859
149 -0.007625 0.067789
150 0.079290 0.009373
151 0.011663 -0.069636
152 -0.062413 -0.027746
153 -0.028106 0.061123
154 0.045408 0.050097
155 0.052070 -0.056021
156 -0.040526 -0.050380
157 -0.055312 0.024652
158 0.002937 0.061979
159 0.081077 0.010467
160 0.013973 -0.085840
161 -0.088323 -0.016062
162 -0.012843 0.071946
163 0.042647 0.022467
164 0.047006 -0.005972
165 0.027869 -0.093634
166 -0.161407 -0.036639
167 -0.002302 0.222197
168 0.236799 -0.060896
169 -0.108143 -0.206245
170 -0.146397 0.130230
171 0.107396 0.077473
172 0.034743 -0.047173
173 0.010861 -0.038570
174 -0.058427 -0.035085
175 -0.035777 0.064383
176 0.056569 0.035855
177 0.037333 -0.044259
178 -0.029402 -0.037591
179 -0.041795 0.011075
180 -0.003024 0.047670
181 0.050946 0.012283
182 0.022218 -0.051660
183 -0.059159 -0.040911
184 -0.013760 0.075669
185 0.025474 0.022917
186 0.051883 -0.032181
187 -0.030748 -0.054060
188 -0.053577 0.023927
189 0.013122 0.052425
190 0.051822 -0.000545
191 0.010668 -0.050595
192 -0.047867 -0.026037
193 -0.037522 0.048530
194 0.046335 0.047963
195 0.055985 -0.043289
196 -0.038101 -0.059186
197 -0.061990 0.025348
198 0.010655 0.065600
199 0.084526 0.026605
200 -0.017343 -0.122572
201 -0.052925 -0.000558
202 -0.039240 0.076646
203 0.073575 0.042734
204 0.047093 -0.072836
205 -0.047862 -0.046067
206 -0.070364 0.031694
207 0.021347 0.080206
208 0.089101 -0.008561
209 0.003297 -0.092538
210 -0.092219 -0.018282
211 -0.030318 0.086351
212 0.077495 0.050848
213 0.065913 -0.074099
214 -0.063434 -0.075737
215 -0.085112 0.049775
216 0.029818 0.092602
217 0.101677 -0.011897
218 0.012037 -0.104297
219 -0.112363 -0.033914
220 -0.050783 0.113016
221 0.100381 0.067798
222 0.098807 -0.079225
223 -0.049322 -0.144328
224 -0.311570 0.056919
225 0.380215 0.261222
226 -0.073247 -0.219016
227 -0.026722 -0.038942
228 -0.091646 0.017885
229 -0.000514 0.103573
230 0.111330 0.020126
231 0.037492 -0.106994
232 -0.100459 -0.058721
233 -0.076679 0.092660
234 0.083091 0.090504
235 0.098471 -0.067501
236 -0.049200 -0.109372
237 -0.113230 0.034193
238 0.015844 0.113258
239 0.107978 0.000805
240 0.020831 -0.095703
241 -0.082632 -0.044040
242 -0.064536 0.072072
243 0.061618 0.075449
244 0.083064 -0.046302
245 -0.028248 -0.063178
246 -0.085471 -0.027846
247 -0.019616 0.097067
248 0.081725 0.041364
249 0.067551 -0.071587
250 -0.066410 -0.091463
251 -0.111025 0.059587
252 0.053473 0.121346
253 0.127549 -0.038850
254 -0.025409 -0.132767
255 -0.124485 0.023806
256 -0.023258 0.103391
257 0.137107 0.034889
258 0.031068 -0.120447
259 -0.107113 -0.039436
260 -0.051972 0.083445
261 0.066775 0.070422
262 0.084893 -0.051302
263 -0.038257 -0.096252
264 -0.104628 0.026582
265 0.015147 0.105965
266 0.103422 -0.001334
267 0.016711 -0.099220
268 -0.094966 -0.031751
269 -0.048487 0.087438
270 0.079875 0.062301
271 0.074774 -0.067610
272 -0.055486 -0.088721
273 -0.096911 0.042638
274 0.025212 0.104386
275 0.110550 -0.007208
276 0.010823 -0.114515
277 -0.113680 -0.029643
278 -0.050198 0.111369
279 0.107188 0.068844
280 0.083405 -0.098440
281 -0.084376 -0.100094
282 -0.111310 0.071406
283 0.049435 0.119304
284 0.129238 -0.027509
285 -0.006491 -0.134615
286 -0.134821 -0.012671
287 -0.032534 0.128178
288 0.116176 0.054340
289 0.076163 -0.104291
290 -0.089064 -0.092438
291 -0.107709 0.068380
292 0.049208 0.119961
293 0.125918 -0.024895
294 -0.001040 -0.130237
295 -0.127899 -0.024279
296 -0.047978 0.122653
297 0.113019 0.072592
298 0.092500 -0.095256
299 -0.049656 -0.109992
300 -0.246608 0.071616
301 0.179997 0.103552
302 0.090874 -0.013116
303 -0.002572 -0.129451
304 -0.135296 -0.022074
305 -0.040601 0.128652
306 0.098075 0.066712
307 0.123660 -0.107076
308 -0.107564 -0.111182
309 -0.129813 0.078257
310 0.062510 0.142172
311 0.150729 -0.042306
312 -0.023566 -0.157265
313 -0.155653 0.002527
314 -0.024708 0.153247
315 0.153191 0.044778
316 0.063193 -0.142909
317 -0.130016 -0.079563
318 -0.098966 0.110758
319 0.096773 0.115473
320 0.122297 -0.077874
321 -0.052223 -0.128631
322 -0.130920 0.028276
323 -0.002372 0.127143
324 0.123520 0.036210
325 0.072877 -0.120087
326 -0.122934 -0.109856
327 -0.132597 0.135941
328 0.142702 0.124537
329 0.100139 -0.101394
330 -0.041090 -0.119334
331 -0.148926 0.002405
332 -0.024571 0.167635
333 0.179425 0.064506
334 0.104627 -0.209520
335 -0.250103 -0.124632
336 -0.120313 0.304300
337 0.355695 0.014330
338 -0.136273 -0.202260
339 0.015398 0.041585
340 -0.116316 -0.035733
341 0.015972 0.156871
342 0.132816 -0.014703
343 0.013573 -0.121954
344 -0.109375 -0.040160
345 -0.070420 0.093585
346 0.077572 0.097149
347 0.122132 -0.054014
348 -0.030344 -0.148260
349 -0.168027 0.007711
350 -0.015839 0.184405
351 0.189809 0.035706
352 0.060142 -0.189708
353 -0.178630 -0.077950
354 -0.106634 0.156466
355 0.137173 0.134228
356 0.159931 -0.113199
357 -0.091429 -0.182028
358 -0.186563 0.068979
359 0.025550 0.192320
360 0.198758 0.002731
361 0.037925 -0.189194
362 -0.177146 -0.075883
363 -0.110446 0.164007
364 0.141645 0.138965
365 0.166082 -0.116068
366 -0.086103 -0.187047
367 -0.204749 0.043570
368 0.026684 0.235421
369 0.205639 0.003929
370 0.057342 -0.208858
371 -0.197971 -0.090355
372 -0.122894 0.180398
373 0.155696 0.150425
374 0.174755 -0.122764
375 -0.088351 -0.198227
376 -0.211591 0.052032
377 0.009434 0.223253
378 0.230894 0.026532
379 0.060815 -0.226688
380 -0.213900 -0.095557
381 -0.127875 0.195497
382 0.170082 0.159100
383 0.184037 -0.139553
384 -0.104002 -0.211968
385 -0.229943 0.073225
386 0.035085 0.241670
387 0.247034 -0.001486
388 0.037610 -0.243034
389 -0.233029 -0.069955
390 -0.108382 0.210599
391 0.187967 0.142388
392 0.176205 -0.152969
393 -0.120751 -0.211329
394 -0.236995 0.088459
395 0.052947 0.249660
396 0.256525 -0.006225
397 0.044436 -0.260121
398 -0.252518 -0.104153
399 -0.193748 0.220063
400 0.465615 0.379202
401 -0.137096 -0.483502
402 -0.006071 -0.081749
403 -0.244337 0.088066
404 0.063856 0.278912
405 0.299766 -0.025691
406 0.019857 -0.318048
407 -0.324969 -0.067340
408 -0.118981 0.323077
409 0.314424 0.173529
410 0.218257 -0.297664
411 -0.265267 -0.262813
412 -0.305109 0.225665
413 0.180158 0.342360
414 0.368380 -0.127825
415 -0.067751 -0.388583
416 -0.397781 0.008054
417 -0.054263 0.393460
418 0.375184 0.120264
419 0.183935 -0.345360
420 -0.298172 -0.245993
421 -0.307294 0.241163
422 0.169854 0.363402
423 0.419843 -0.089131
424 -0.009632 -0.467709
425 -0.499663 -0.072498
426 -0.156140 0.516614
427 0.514310 0.244072
428 0.335756 -0.496759
429 -0.472405 -0.402614
430 -0.484014 0.384757
431 0.331110 0.579174
432 0.633538 -0.238444
433 -0.128258 -0.688591
434 -0.735142 0.004772
435 -0.111768 0.762132
436 0.753299 0.251556
437 0.402243 -0.721781
438 -0.672521 -0.547796
439 -0.675638 0.587757
440 0.437504 0.821815
441 0.972548 -0.257013
442 -0.011232 -1.092825
443 -1.222221 -0.255585
444 -0.591537 1.330149
445 1.389370 1.042870
446 1.681908 -1.344616
447 -1.251771 -2.282310
448 -2.982518 0.807136
449 -0.618433 4.932875
450 17.880534 12.653141
451 -41.097692 -45.753464
452 35.012183 45.026372
453 -1.988409 -17.891789
454 -7.975601 -1.608536
455 -1.884625 4.556596
456 2.979138 1.906151
457 2.003938 -2.057583
458 -1.353984 -1.984632
459 -1.899725 0.772497
460 0.324613 1.749925
461 1.605201 0.046104
462 0.353142 -1.476492
463 -1.309738 -0.594658
464 -0.796723 1.116006
465 0.924768 0.962569
466 1.093100 -0.743332
467 -0.559681 -1.176692
468 -1.217032 0.355885
469 0.136531 1.224891
470 1.222792 0.110992
471 0.368076 -1.237592
472 -1.275856 -0.603114
473 -0.774637 1.300930
474 1.252934 0.904948
475 1.077544 -1.040851
476 -0.769938 -1.594229
477 -2.474337 0.856487
478 1.772365 3.603144
479 4.154374 -4.394155
480 -7.982735 0.993986
481 4.771835 0.166594
482 -0.113475 0.781560
483 -0.188052 -0.662447
484 -0.494106 -0.172953
485 -0.160676 0.300089
486 0.219283 0.252838
487 0.240991 -0.120970
488 -0.013798 -0.296414
489 -0.313427 -0.018550
490 -0.050372 0.274853
491 0.245679 0.089100
492 0.116973 -0.186207
493 -0.140898 -0.160759
494 -0.189239 0.103385
495 0.076352 0.201055
496 0.195431 -0.046239
497 -0.013528 -0.182829
498 -0.164419 -0.024447
499 -0.056015 0.151733
500 0.130145 0.075704
501 0.098249 -0.101592
502 -0.075875 -0.117674
503 -0.135160 0.047816
504 0.027873 0.151034
505 0.159561 -0.012976
506 -0.005526 -0.158521
507 -0.144208 -0.004251
508 -0.019679 0.125467
509 0.109056 0.036530
510 0.050249 -0.095481
511 -0.084455 -0.052114
512 -0.049632 0.056310
513 0.035528 0.057097
514 0.056337 -0.012982
515 0.007951 -0.057683
516 -0.061422 -0.028768
517 -0.039764 0.061972
518 0.058892 0.051759
519 0.059674 -0.056531
520 -0.050467 -0.063474
521 -0.066961 0.042356
522 0.034614 0.067409
523 0.064549 -0.023339
524 -0.011371 -0.063420
525 -0.059729 -0.001100
526 -0.013463 0.059698
527 0.058863 0.020205
528 0.024625 -0.055841
529 -0.050027 -0.024065
530 -0.025264 0.036190
531 0.024319 0.030782
532 0.036338 -0.013076
533 -0.006675 -0.043920
534 -0.045325 0.004685
535 0.002086 0.043428
536 0.037666 -0.000278
537 0.005163 -0.029042
538 -0.023585 -0.011573
539 -0.016340 0.017407
540 0.014758 0.020357
541 0.018573 -0.008586
542 -0.002144 -0.021701
543 -0.021587 -0.000072
544 -0.003177 0.018049
545 0.015868 0.007290
546 0.009429 -0.012248
547 -0.008929 -0.011356
548 -0.011757 0.002082
549 -0.003478 0.016786
550 0.017666 0.004177
551 0.008718 -0.023013
552 -0.017695 0.007890
553 -0.010896 0.003529
554 0.015008 0.008969
555 0.007595 -0.007731
556 -0.003677 -0.008254
557 -0.009277 -0.002040
558 -0.007210 0.009991
559 0.010574 0.013533
560 0.020305 -0.011053
561 -0.010497 -0.032543
562 -0.051506 0.026109
563 0.049281 0.050476
564 0.046628 -0.074474
565 -0.094689 -0.012928
566 0.020727 0.083965
567 0.056137 -0.039133
568 -0.033589 -0.028970
569 -0.018171 0.019401
570 0.010509 0.016118
571 0.015608 -0.004909
572 -0.002174 -0.016781
573 -0.015101 0.003165
574 0.000713 0.012070
575 0.009711 0.000909
576 0.005162 -0.010808
577 -0.011148 -0.001554
578 -0.002944 0.007302
579 0.006583 0.002515
580 0.002333 -0.003450
581 -0.000468 -0.002469
582 -0.004515 -0.002435
583 -0.001170 0.006023
584 0.001621 -0.000014
585 0.004923 0.003106
586 0.003003 -0.009542
587 -0.012007 -0.005052
588 -0.006278 0.017486
589 0.020232 0.004902
590 0.004771 -0.020574
591 -0.020489 -0.006340
592 -0.006723 0.019211
593 0.016638 0.011534
594 0.014133 -0.017901
595 -0.016963 -0.014702
596 -0.013292 0.014120
597 0.004859 0.011908
598 0.016986 0.004034
599 0.004701 -0.019418
600 -0.017676 0.006170
601 -0.051721 -0.078141
602 0.101940 0.168187
603 -0.006425 -0.102321
604 -0.047444 -0.030248
605 -0.035320 0.041557
606 0.036377 0.045644
607 0.053252 -0.034352
608 -0.032806 -0.056464
609 -0.054843 0.029246
610 0.020437 0.053982
611 0.056678 -0.014217
612 -0.008885 -0.053856
613 -0.062629 0.006643
614 0.015258 0.040904
615 0.033866 0.012303
616 0.018028 -0.038287
617 -0.034360 -0.019619
618 -0.022797 0.024395
619 0.016285 0.027665
620 0.030115 -0.008946
621 -0.000331 -0.031984
622 -0.034106 -0.006241
623 -0.011780 0.031716
624 0.028797 0.019889
625 0.026416 -0.026399
626 -0.021060 -0.032271
627 -0.038361 0.017260
628 0.012040 0.041823
629 0.043429 -0.006288
630 0.001813 -0.044485
631 -0.045267 -0.008620
632 -0.015630 0.043691
633 0.040979 0.023636
634 0.029814 -0.038999
635 -0.032918 -0.035794
636 -0.041992 0.028842
637 0.022172 0.043902
638 0.047392 -0.011593
639 -0.004772 -0.051657
640 -0.049549 -0.004128
641 -0.014002 0.050908
642 0.048114 0.020546
643 0.028223 -0.042945
644 -0.037302 -0.036892
645 -0.043204 0.031049
646 0.023860 0.049767
647 0.054818 -0.016257
648 -0.009684 -0.058316
649 -0.059727 0.000273
650 -0.007419 0.062393
651 0.062488 0.015906
652 0.023299 -0.063557
653 -0.064947 -0.030054
654 -0.033756 0.065138
655 0.068476 0.035533
656 0.031244 -0.069634
657 -0.067098 -0.015927
658 -0.005814 0.044466
659 0.022693 0.011709
660 0.021382 -0.012884
661 -0.004090 -0.026919
662 -0.030551 0.000070
663 -0.006607 0.032336
664 0.031775 0.009583
665 0.016146 -0.029174
666 -0.028744 -0.023580
667 -0.026066 0.029663
668 0.025016 0.030125
669 0.034695 -0.024754
670 -0.023768 -0.035246
671 -0.031386 0.020390
672 0.014009 0.028295
673 0.020068 -0.008695
674 -0.001969 -0.012559
675 0.017435 -0.010318
676 -0.055455 -0.021208
677 -0.012564 0.076360
678 0.096293 0.002130
679 -0.008130 -0.103271
680 -0.102101 0.014740
681 0.014516 0.092708
682 0.079757 -0.003978
683 0.012334 -0.070504
684 -0.065204 -0.030167
685 -0.042472 0.060271
686 0.051859 0.053817
687 0.064298 -0.042982
688 -0.033225 -0.069267
689 -0.073280 0.018381
690 0.004213 0.075549
691 0.075503 0.012129
692 0.027086 -0.074026
693 -0.070722 -0.040599
694 -0.050181 0.063231
695 0.051832 0.059088
696 0.066258 -0.035950
697 -0.019983 -0.075499
698 -0.079073 0.003731
699 -0.015590 0.082241
700 0.085222 0.032095
701 0.046377 -0.082609
702 -0.077604 -0.058906
703 -0.071070 0.067474
704 0.054954 0.080669
705 0.092051 -0.039079
706 -0.026056 -0.099514
707 -0.102595 0.008783
708 -0.008450 0.105301
709 0.104684 0.022612
710 0.038946 -0.096341
711 -0.089378 -0.056469
712 -0.071059 0.079061
713 0.066562 0.083254
714 0.093536 -0.049863
715 -0.032505 -0.103788
716 -0.110855 0.019542
717 0.001060 0.106980
718 0.109144 0.020188
719 0.037091 -0.105456
720 -0.099260 -0.054770
721 -0.069997 0.089474
722 0.076553 0.085282
723 0.097820 -0.063293
724 -0.048617 -0.107151
725 -0.110073 0.031754
726 0.010313 0.112973
727 0.113440 0.006303
728 0.028936 -0.102453
729 -0.103461 -0.053861
730 -0.066310 0.094753
731 0.080255 0.081762
732 0.097441 -0.064147
733 -0.047530 -0.110618
734 -0.119187 0.030584
735 0.012397 0.122013
736 0.121619 0.017549
737 0.033211 -0.132406
738 -0.119956 -0.047258
739 -0.066731 0.110425
740 0.097511 0.083810
741 0.098342 -0.080896
742 -0.062736 -0.113373
743 -0.124336 0.043536
744 0.024010 0.131580
745 0.133639 -0.001731
746 0.022553 -0.133030
747 -0.128411 -0.046846
748 -0.072583 0.122479
749 0.113783 0.093240
750 0.117225 -0.096248
751 -0.059626 -0.154527
752 -0.239284 0.165720
753 0.154241 0.011117
754 0.094788 0.029358
755 0.017539 -0.129572
756 -0.136223 -0.039832
757 -0.061009 0.131926
758 0.124781 0.080810
759 0.099578 -0.109344
760 -0.092368 -0.119761
761 -0.135133 0.076514
762 0.052877 0.142911
763 0.151896 -0.029488
764 -0.003808 -0.154507
765 -0.154329 -0.019191
766 -0.042382 0.146883
767 0.132439 0.065606
768 0.093379 -0.120688
769 -0.107581 -0.106574
770 -0.120584 0.084511
771 0.061122 0.132727
772 0.140116 -0.038380
773 -0.012443 -0.143166
774 -0.141942 -0.009739
775 -0.034661 0.131962
776 0.122159 0.060123
777 0.082085 -0.108817
778 -0.093591 -0.100365
779 -0.114814 0.073450
780 0.053409 0.126365
781 0.130255 -0.029666
782 -0.002383 -0.133376
783 -0.133945 -0.025127
784 -0.048012 0.134690
785 0.126028 0.067145
786 0.086162 -0.114036
787 -0.099007 -0.102464
788 -0.113917 0.079627
789 0.055006 0.122104
790 0.131349 -0.025255
791 0.002294 -0.140057
792 -0.145565 -0.029159
793 -0.052117 0.149107
794 0.144806 0.072935
795 0.092535 -0.139617
796 -0.128112 -0.106961
797 -0.124382 0.112831
798 0.101216 0.130654
799 0.134933 -0.073510
800 -0.052152 -0.142599
801 -0.138693 0.040874
802 -0.002154 0.085174
803 0.129166 0.101503
804 0.071443 -0.164632
805 -0.132927 -0.082870
806 -0.103074 0.113782
807 0.094913 0.123876
808 0.140214 -0.076735
809 -0.056926 -0.152863
810 -0.158061 0.036454
811 0.011581 0.160831
812 0.159461 0.012406
813 0.037051 -0.154019
814 -0.144080 -0.061434
815 -0.085808 0.131132
816 0.115881 0.105911
817 0.124913 -0.095496
818 -0.074783 -0.137700
819 -0.147342 0.045056
820 0.017947 0.158852
821 0.161139 0.007915
822 0.036922 -0.157613
823 -0.151349 -0.069390
824 -0.098457 0.146417
825 0.134791 0.120234
826 0.140474 -0.116517
827 -0.094334 -0.157636
828 -0.169344 0.070222
829 0.038404 0.174045
830 0.178762 -0.003638
831 0.032086 -0.179104
832 -0.176816 -0.067333
833 -0.099446 0.170477
834 0.158311 0.127146
835 0.151735 -0.139435
836 -0.116088 -0.173338
837 -0.187744 0.089207
838 0.053136 0.197131
839 0.206226 -0.016276
840 0.022186 -0.207781
841 -0.206715 -0.061930
842 -0.097644 0.202614
843 0.190410 0.126670
844 0.152729 -0.170543
845 -0.141557 -0.172629
846 -0.191816 0.102894
847 0.061091 0.211966
848 0.227761 -0.020327
849 0.018974 -0.238728
850 -0.240125 -0.056061
851 -0.089626 0.232798
852 0.213412 0.122704
853 0.155598 -0.187070
854 -0.153900 -0.186265
855 -0.213176 0.117317
856 0.076606 0.231602
857 0.243867 -0.028426
858 0.021905 -0.255047
859 -0.254524 -0.066042
860 -0.120661 0.245506
861 0.236760 0.163468
862 0.201320 -0.210116
863 -0.172820 -0.239546
864 -0.274289 0.128011
865 0.078538 0.305528
866 0.331070 -0.024267
867 0.027616 -0.351895
868 -0.356990 -0.077988
869 -0.128461 0.349559
870 0.329922 0.183130
871 0.228408 -0.305573
872 -0.260184 -0.271730
873 -0.312371 0.210480
874 0.153149 0.342113
875 0.366195 -0.088363
876 -0.023425 -0.377299
877 -0.371418 -0.048107
878 -0.118715 0.353348
879 0.316840 0.185518
880 0.252475 -0.262926
881 -0.192602 -0.317343
882 -0.372513 0.109578
883 0.019198 0.413831
884 0.430941 0.082345
885 0.207851 -0.425802
886 -0.402064 -0.349439
887 -0.496389 0.352035
888 0.282727 0.645405
889 0.799222 -0.178280
890 -0.042773 -0.961918
891 -1.092247 -0.121271
892 -0.350516 1.190892
893 1.307261 0.618230
894 0.948644 -1.406294
895 -1.447471 -1.326283
896 -1.740614 1.375915
897 1.160088 2.217811
898 3.086698 -0.911273
899 -0.524472 -4.213793
900 -5.160236 -0.756702
901 -5.283965 2.710019
902 40.583977 20.395544
903 -55.131798 -42.131527
904 17.489929 39.841359
905 14.964588 -16.947396
906 -8.777056 -6.687259
907 -5.158623 5.640567
908 3.317043 4.442874
909 3.903173 -2.023815
910 -1.180925 -3.376897
911 -2.921478 0.529390
912 -0.035525 2.511177
913 2.107627 0.484150
914 0.831082 -1.725696
915 -1.379760 -1.087393
916 -1.270130 1.030149
917 0.669058 1.406709
918 1.495074 -0.322410
919 0.001621 -1.542251
920 -1.556142 -0.295741
921 -0.542344 1.523363
922 1.393184 0.757668
923 1.006142 -1.179152
924 -0.950687 -1.298170
925 -1.604073 0.732717
926 0.543209 1.895318
927 2.115352 -0.368611
928 -0.020095 -2.146010
929 -2.419806 -0.807192
930 -1.796848 3.413215
931 5.938309 2.540134
932 0.413156 -11.489660
933 -9.251263 14.429449
934 6.667687 -9.591857
935 -0.050273 2.945161
936 -0.578499 -0.792241
937 -0.538648 0.247540
938 -0.038952 0.447892
939 0.501586 0.242296
940 0.218312 -0.463588
941 -0.327554 -0.322559
942 -0.396450 0.244555
943 0.160559 0.431661
944 0.439966 -0.077753
945 -0.005303 -0.427084
946 -0.386089 -0.080086
947 -0.170809 0.351199
948 0.319344 0.234380
949 0.275626 -0.268313
950 -0.205685 -0.311622
951 -0.340746 0.138704
952 0.075343 0.363125
953 0.368223 -0.022104
954 0.033689 -0.355838
955 -0.332411 -0.087767
956 -0.145184 0.300227
957 0.270266 0.197644
958 0.238040 -0.238096
959 -0.204620 -0.266879
960 -0.282255 0.165628
961 0.121683 0.288841
962 0.289625 -0.077080
963 -0.034315 -0.280899
964 -0.267097 -0.006810
965 -0.042558 0.243941
966 0.215098 0.079243
967 0.109356 -0.184948
968 -0.152122 -0.135552
969 -0.152885 0.118454
970 0.082281 0.168014
971 0.171882 -0.058579
972 -0.023236 -0.154779
973 -0.142418 -0.019730
974 -0.057550 0.133290
975 0.119654 0.083688
976 0.104683 -0.098850
977 -0.073192 -0.120436
978 -0.133013 0.042042
979 0.012086 0.143590
980 0.147613 0.016427
981 0.041488 -0.144522
982 -0.129270 -0.067819
983 -0.099738 0.112552
984 0.092334 0.128188
985 0.159609 -0.071263
986 -0.055457 -0.186429
987 -0.201924 0.041931
988 0.024943 0.208047
989 0.204815 -0.004708
990 0.019199 -0.197453
991 -0.184137 -0.045859
992 -0.074344 0.170932
993 0.157031 0.100502
994 0.121800 -0.142432
995 -0.124979 -0.136843
996 -0.147160 0.102356
997 0.078492 0.155588
998 0.157438 -0.053530
999 -0.024939 -0.158363
1000 -0.156068 0.000195
1001 -0.023242 0.152218
1002 0.158653 0.031871
1003 0.008538 -0.073076
1004 -0.050218 -0.153709
1005 -0.132925 0.111898
1006 0.080663 0.130960
1007 0.132257 -0.062181
1008 -0.038526 -0.130977
1009 -0.131686 0.012434
1010 -0.010894 0.129392
1011 0.124950 0.032286
1012 0.052817 -0.114620
1013 -0.105808 -0.073624
1014 -0.088539 0.095760
1015 0.081781 0.098874
1016 0.108691 -0.064752
1017 -0.049106 -0.113910
1018 -0.115744 0.029045
1019 0.009894 0.115656
1020 0.114056 0.009508
1021 0.026559 -0.108062
1022 -0.100175 -0.042942
1023 -0.060573 0.085956
1024 0.079403 0.077489
1025 0.083561 -0.063914
1026 -0.047097 -0.094462
1027 -0.101376 0.029976
1028 0.014426 0.107058
1029 0.107777 0.000382
1030 0.017268 -0.104565
1031 -0.102410 -0.033163
1032 -0.044342 0.095060
1033 0.084343 0.057637
1034 0.067386 -0.072889
1035 -0.059731 -0.077510
1036 -0.081282 0.045697
1037 0.027731 0.088143
1038 0.092465 -0.013975
1039 -0.001800 -0.094346
1040 -0.090718 -0.009973
1041 -0.019829 0.084610
1042 0.072682 0.032255
1043 0.043838 -0.063681
1044 -0.050767 -0.052853
1045 -0.061297 0.039785
1046 0.027055 0.065301
1047 0.067574 -0.014836
1048 -0.000917 -0.063812
1049 -0.059653 -0.016259
1050 -0.034235 0.056652
1051 0.053889 0.046577
1052 0.057396 -0.046165
1053 -0.033474 -0.059600
1054 -0.093526 0.006262
1055 0.040186 0.103994
1056 0.078787 -0.020147
1057 -0.001005 -0.083580
1058 -0.083924 -0.011369
1059 -0.022542 0.081839
1060 0.075750 0.032804
1061 0.045478 -0.069334
1062 -0.065232 -0.053161
1063 -0.056304 0.055383
1064 0.043016 0.061384
1065 0.063682 -0.032157
1066 -0.018673 -0.065292
1067 -0.065522 0.006869
1068 -0.005548 0.064542
1069 0.063957 0.015589
1070 0.021215 -0.058636
1071 -0.050501 -0.029997
1072 -0.035382 0.041865
1073 0.030878 0.042889
1074 0.046746 -0.021922
1075 -0.008630 -0.051060
1076 -0.054379 0.001213
1077 -0.009056 0.053441
1078 0.052588 0.017258
1079 0.023597 -0.049329
1080 -0.041699 -0.029192
1081 -0.037105 0.033071
1082 0.025241 0.044689
1083 0.050029 -0.019298
1084 -0.012033 -0.051171
1085 -0.051776 0.001487
1086 -0.005678 0.054115
1087 0.050455 0.012001
1088 0.020097 -0.047189
1089 -0.042074 -0.025996
1090 -0.032919 0.036738
1091 0.030252 0.036140
1092 0.040434 -0.021582
1093 -0.013937 -0.045251
1094 -0.047068 0.009200
1095 0.003270 0.045220
1096 0.041368 0.005070
1097 0.014235 -0.039447
1098 -0.037816 -0.021215
1099 -0.024968 0.035169
1100 0.027633 0.028516
1101 0.036246 -0.022783
1102 -0.020584 -0.037565
1103 -0.038559 0.014196
1104 0.009326 0.037526
1105 0.037180 0.000156
1106 0.004388 -0.038651
1107 -0.035678 -0.009477
1108 -0.014342 0.034673
1109 0.030727 0.016178
1110 0.021118 -0.025361
1111 -0.022342 -0.024174
1112 -0.026658 0.016830
1113 0.013307 0.028864
1114 0.028977 -0.007673
1115 -0.001579 -0.030359
1116 -0.031444 -0.002989
1117 -0.006917 0.030855
1118 0.028272 0.011672
1119 0.016781 -0.028417
1120 -0.025841 -0.018226
1121 -0.022466 0.023319
1122 0.020434 0.022977
1123 0.026863 -0.015482
1124 -0.013733 -0.027563
1125 -0.027637 0.007984
1126 0.002951 0.029453
1127 0.030631 -0.000651
1128 0.001433 -0.029419
1129 -0.025798 -0.004006
1130 -0.008632 0.023515
1131 0.020724 0.012283
1132 0.015315 -0.018998
1133 -0.014889 -0.016681
1134 -0.018548 0.010366
1135 0.005112 0.020525
1136 0.021907 -0.000423
1137 0.004479 -0.023669
1138 -0.024856 -0.009034
1139 -0.013065 0.025960
1140 0.028388 0.016202
1141 0.016368 -0.026596
1142 -0.025746 -0.020099
1143 -0.020957 0.023914
1144 0.021649 0.023807
1145 0.024752 -0.021247
1146 -0.018057 -0.023719
1147 -0.023757 0.014434
1148 0.010831 0.023623
1149 0.023240 -0.007294
1150 -0.005557 -0.021062
1151 -0.017310 -0.000387
1152 -0.005302 0.016804
1153 0.015636 0.008708
1154 0.011709 -0.013851
1155 -0.011748 -0.014255
1156 -0.016930 0.010776
1157 0.008742 0.015878
1158 0.017965 -0.005224
1159 -0.003562 -0.016817
1160 -0.016367 -0.002053
1161 -0.004734 0.018742
1162 0.016386 0.006465
1163 0.010421 -0.015216
1164 -0.014123 -0.012612
1165 -0.013618 0.012639
1166 0.006848 0.015040
1167 0.020327 -0.006719
1168 -0.005010 -0.019098
1169 -0.019684 0.001679
1170 -0.002153 0.019810
1171 0.019875 0.006729
1172 0.010779 -0.021143
1173 -0.021620 -0.014020
1174 -0.014975 0.021096
1175 0.018763 0.019470
1176 0.019039 -0.019866
1177 -0.013619 -0.019028
1178 -0.024163 0.010077
1179 0.009462 0.025411
1180 0.026085 -0.005598
1181 -0.002442 -0.027914
1182 -0.027026 0.000062
1183 -0.004816 0.026663
1184 0.024492 0.007308
1185 0.013423 -0.021552
1186 -0.020294 -0.017628
1187 -0.021047 0.017265
1188 0.014066 0.025923
1189 0.028402 -0.011925
1190 -0.007950 -0.031067
1191 -0.032773 0.004281
1192 0.000706 0.033120
1193 0.031996 0.006008
1194 0.011832 -0.033362
1195 -0.033394 -0.016598
1196 -0.020042 0.031279
1197 0.029115 0.024695
1198 0.027397 -0.023933
1199 -0.019185 -0.032199
1200 -0.035999 0.014018
1201 0.009634 0.038428
1202 0.039424 -0.002394
1203 0.003363 -0.042362
1204 -0.039672 0.013988
1205 -0.035548 -0.022063
1206 0.069110 0.070402
1207 0.017407 -0.036750
1208 -0.028253 -0.042480
1209 -0.043556 0.022775
1210 0.013571 0.046639
1211 0.050829 -0.005003
1212 0.004257 -0.052623
1213 -0.052442 -0.014298
1214 -0.025464 0.053986
1215 0.052316 0.031746
1216 0.040245 -0.048370
1217 -0.042504 -0.045702
1218 -0.052545 0.034163
1219 0.025750 0.057010
1220 0.060634 -0.014289
1221 -0.004159 -0.064639
1222 -0.063504 -0.006228
1223 -0.019106 0.062347
1224 0.060885 0.030985
1225 0.040439 -0.057575
1226 -0.052332 -0.049156
1227 -0.055953 0.043315
1228 0.035793 0.062301
1229 0.064726 -0.023366
1230 -0.012320 -0.064604
1231 -0.063760 -0.009356
1232 -0.022912 0.072586
1233 0.070697 0.030173
1234 0.039174 -0.065059
1235 -0.054526 -0.050514
1236 -0.062118 0.047653
1237 0.035948 0.068346
1238 0.079175 -0.022735
1239 -0.015101 -0.083895
1240 -0.085124 0.000177
1241 -0.010623 0.087394
1242 0.083724 0.022126
1243 0.035142 -0.077862
1244 -0.072048 -0.047798
1245 -0.056521 0.063963
1246 0.049703 0.064129
1247 0.074736 -0.035182
1248 -0.020645 -0.081246
1249 -0.088356 0.004589
1250 -0.010077 0.092303
1251 0.094436 0.024429
1252 0.037939 -0.093313
1253 -0.088572 -0.050265
1254 -0.063493 0.080165
1255 0.071061 0.077724
1256 0.087495 -0.061929
1257 -0.047663 -0.095452
1258 -0.101330 0.032549
1259 0.013230 0.106264
1260 0.110354 0.005272
1261 0.024931 -0.113403
1262 -0.114579 -0.039211
1263 -0.056621 0.104976
1264 0.101491 0.077581
1265 0.090386 -0.094399
1266 -0.082414 -0.103311
1267 -0.112215 0.071207
1268 0.051254 0.116295
1269 0.124295 -0.030850
1270 -0.011275 -0.127489
1271 -0.127381 -0.008641
1272 -0.029840 0.123714
1273 0.116589 0.047899
1274 0.068278 -0.103054
1275 -0.090340 -0.087133
1276 -0.101837 0.071932
1277 0.049590 0.118286
1278 0.134589 -0.028974
1279 -0.012162 -0.145370
1280 -0.145755 -0.007382
1281 -0.030060 0.145114
1282 0.136917 0.050038
1283 0.073749 -0.124559
1284 -0.109296 -0.093706
1285 -0.115340 0.087195
1286 0.066729 0.135529
1287 0.152141 -0.044839
1288 -0.020103 -0.162250
1289 -0.172093 -0.001385
1290 -0.023891 0.167068
1291 0.161536 0.050985
1292 0.075437 -0.148870
1293 -0.132130 -0.103876
1294 -0.129525 0.114438
1295 0.093659 0.155417
1296 0.175595 -0.077434
1297 -0.057965 -0.184621
1298 -0.186447 0.033610
1299 0.005703 0.182081
1300 0.171721 0.028313
1301 0.064508 -0.162446
1302 -0.151579 -0.099258
1303 -0.127036 0.139580
1304 0.121822 0.151588
1305 0.167941 -0.103807
1306 -0.075228 -0.177185
1307 -0.186635 0.045678
1308 0.016573 0.187977
1309 0.181719 0.013983
1310 0.044403 -0.167487
1311 -0.142787 -0.075405
1312 -0.110004 0.110142
1313 0.070512 0.145105
1314 0.186669 -0.024261
1315 0.020571 -0.231288
1316 -0.277526 -0.063054
1317 -0.097366 0.324285
1318 0.364867 0.116075
1319 0.122112 -0.384660
1320 -0.381320 -0.128634
1321 -0.141758 0.364538
1322 0.339232 0.155835
1323 0.172159 -0.304677
1324 -0.268242 -0.188293
1325 -0.196756 0.230240
1326 0.185665 0.196515
1327 0.191953 -0.135843
1328 -0.082759 -0.182145
1329 -0.169144 0.029868
1330 -0.016907 0.152594
1331 0.128567 0.057720
1332 0.085632 -0.098758
1333 -0.051229 -0.103046
1334 -0.116722 -0.006265
1335 -0.068996 0.124008
1336 0.125785 0.133574
1337 0.193463 -0.112085
1338 -0.076483 -0.252294
1339 -0.313576 0.023521
1340 -0.044413 0.372688
1341 0.427958 0.127668
1342 0.231315 -0.466003
1343 -0.495590 -0.357129
1344 -0.486604 0.508015
1345 0.479864 0.646631
1346 0.850764 -0.437733
1347 -0.366607 -1.063852
1348 -1.282737 0.264126
1349 0.097862 1.531823
1350 1.807213 0.107955
1351 0.553612 -2.043157
1352 -2.434142 -1.256999
1353 -2.340924 3.570452
1354 5.407081 -0.144577
1355 9.486535 4.652450
1356 -30.950486 -19.070391
1357 24.142346 27.174678
1358 1.746502 -19.328275
1359 -9.955439 1.154243
1360 0.363402 6.470920
1361 4.397858 0.249441
1362 0.848753 -3.373378
1363 -2.753099 -1.135558
1364 -1.292356 2.199774
1365 1.725563 1.375008
1366 1.385518 -1.324135
1367 -0.949118 -1.354100
1368 -1.296712 0.607415
1369 0.294935 1.188244
1370 1.048177 0.017158
1371 0.317679 -0.908764
1372 -0.778124 -0.598155
1373 -0.831079 0.657294
1374 0.524841 0.994641
1375 1.099179 -0.353530
1376 -0.120810 -1.160083
1377 -1.212378 -0.200161
1378 -0.605972 1.340183
1379 1.565337 0.951075
1380 1.317007 -1.757457
1381 -2.078029 -1.786460
1382 -2.407633 2.559559
1383 4.032388 3.506212
1384 1.811636 -9.810492
1385 -5.515618 9.315249
1386 2.243199 -3.554496
1387 0.563728 0.228489
1388 -0.254369 -0.335539
1389 -0.122557 -0.031160
1390 -0.312666 0.165003
1391 0.202952 0.369137
1392 0.337901 -0.107644
1393 0.008150 -0.337289
1394 -0.345322 -0.118407
1395 -0.204168 0.350683
1396 0.341335 0.260782
1397 0.286379 -0.297763
1398 -0.223346 -0.315884
1399 -0.349359 0.145300
1400 0.070268 0.377626
1401 0.389512 -0.003185
1402 0.064731 -0.383138
1403 -0.364384 -0.133355
1404 -0.195159 0.335083
1405 0.258167 0.244308
1406 0.475165 -0.195600
1407 -0.448209 -0.452660
1408 -0.277379 0.272689
1409 0.161518 0.340277
1410 0.354792 -0.086027
1411 -0.017005 -0.365213
1412 -0.366728 -0.036380
1413 -0.089307 0.350025
1414 0.327497 0.133770
1415 0.172258 -0.295300
1416 -0.254663 -0.200570
1417 -0.225975 0.206655
1418 0.157048 0.242815
1419 0.251140 -0.102715
1420 -0.045574 -0.254011
1421 -0.254349 -0.009958
1422 -0.056353 0.249044
1423 0.231494 0.096380
1424 0.131730 -0.205804
1425 -0.170567 -0.164565
1426 -0.192545 0.133823
1427 0.092114 0.216607
1428 0.232907 -0.052997
1429 -0.012130 -0.240902
1430 -0.240909 -0.027465
1431 -0.066599 0.231898
1432 0.217124 0.104775
1433 0.140188 -0.195106
1434 -0.173257 -0.173899
1435 -0.194133 0.146978
1436 0.110867 0.209534
1437 0.222934 -0.069385
1438 -0.027746 -0.233164
1439 -0.241811 -0.014514
1440 -0.047902 0.245704
1441 0.237903 0.077672
1442 0.105398 -0.221369
1443 -0.197431 -0.131813
1444 -0.156657 0.167531
1445 0.134346 0.178884
1446 0.200205 -0.098766
1447 -0.066440 -0.215043
1448 -0.223352 0.032960
1449 0.000984 0.224776
1450 0.218286 0.029861
1451 0.062786 -0.205144
1452 -0.191075 -0.091994
1453 -0.117189 0.168401
1454 0.144518 0.140142
1455 0.157224 -0.115011
1456 -0.083015 -0.172697
1457 -0.184118 0.051997
1458 0.021311 0.189334
1459 0.189202 0.008947
1460 0.036583 -0.183964
1461 -0.170532 -0.062487
1462 -0.088443 0.152942
1463 0.131532 0.111104
1464 0.131192 -0.105966
1465 -0.078842 -0.149849
1466 -0.163518 0.052479
1467 0.028182 0.167296
1468 0.167016 0.012480
1469 0.035825 -0.177642
1470 -0.163716 -0.055592
1471 -0.083962 0.149333
1472 0.135974 0.106260
1473 0.120674 -0.115952
1474 -0.088227 -0.137643
1475 -0.151122 0.063225
1476 0.036827 0.159066
1477 0.162628 -0.008291
1478 0.017356 -0.160668
1479 -0.153431 -0.046190
1480 -0.071089 0.145238
1481 0.128989 0.092884
1482 0.115536 -0.112040
1483 -0.093284 -0.129172
1484 -0.139707 0.066862
1485 0.040635 0.151051
1486 0.155237 -0.018407
1487 0.006082 -0.151959
1488 -0.144537 -0.031960
1489 -0.055351 0.135051
1490 0.118990 0.076486
1491 0.097976 -0.099533
1492 -0.082080 -0.117190
1493 -0.129114 0.062992
1494 0.041524 0.135921
1495 0.137502 -0.018313
1496 0.007023 -0.137652
1497 -0.132976 -0.028304
1498 -0.050899 0.125385
1499 0.116086 0.067887
1500 0.081460 -0.099540
1501 -0.080457 -0.097228
1502 -0.107479 0.063065
1503 0.041622 0.115318
1504 0.120737 -0.021361
1505 -0.003205 -0.123173
1506 -0.119596 -0.012484
1507 -0.024255 0.107724
1508 0.078069 0.056679
1509 0.093160 -0.096449
1510 -0.089269 -0.082159
1511 -0.092934 0.067674
1512 0.050933 0.101464
1513 0.107110 -0.034688
1514 -0.017963 -0.109057
1515 -0.107194 -0.000220
1516 -0.019276 0.106118
1517 0.101970 0.035073
1518 0.049651 -0.096188
1519 -0.085557 -0.062140
1520 -0.075743 0.074487
1521 0.062591 0.085554
1522 0.093733 -0.047850
1523 -0.034742 -0.100260
1524 -0.101505 0.017536
1525 0.000834 0.104092
1526 0.103334 0.015490
1527 0.029223 -0.099155
1528 -0.089790 -0.046431
1529 -0.062509 0.084460
1530 0.073472 0.072192
1531 0.082785 -0.058722
1532 -0.043005 -0.093303
1533 -0.100467 0.030849
1534 0.014594 0.097003
1535 0.099972 0.009629
1536 0.023652 -0.099995
1537 -0.094805 -0.040819
1538 -0.055943 0.085887
1539 0.076907 0.071547
1540 0.081306 -0.064080
1541 -0.048264 -0.092198
1542 -0.099026 0.033460
1543 0.016914 0.101795
1544 0.100097 0.002491
1545 0.021614 -0.099318
1546 -0.093553 -0.039242
1547 -0.054870 0.087034
1548 0.074946 0.067893
1549 0.081137 -0.062172
1550 -0.047994 -0.088193
1551 -0.093613 0.028578
1552 0.010473 0.098499
1553 0.100063 0.008101
1554 0.023920 -0.098199
1555 -0.092306 -0.040933
1556 -0.056411 0.084554
1557 0.074565 0.069210
1558 0.080278 -0.060985
1559 -0.047074 -0.089622
1560 -0.095022 0.031976
1561 0.015411 0.098759
1562 0.098516 -0.000940
1563 0.016278 -0.094959
1564 -0.091798 -0.031226
1565 -0.042011 0.083453
1566 0.070833 0.055912
1567 0.066993 -0.060397
1568 -0.045415 -0.075937
1569 -0.085771 0.031622
1570 0.020774 0.089909
1571 0.090297 -0.005639
1572 0.007634 -0.088375
1573 -0.085061 -0.023201
1574 -0.034964 0.079564
1575 0.071736 0.048480
1576 0.058443 -0.064550
1577 -0.053043 -0.066707
1578 -0.074717 0.042216
1579 0.030459 0.078691
1580 0.081642 -0.016613
1581 -0.005160 -0.083096
1582 -0.079166 -0.008647
1583 -0.022168 0.076963
1584 0.070265 0.034326
1585 0.046691 -0.063733
1586 -0.055824 -0.056695
1587 -0.063835 0.045403
1588 0.032823 0.072624
1589 0.078075 -0.022218
1590 -0.010644 -0.080866
1591 -0.079320 -0.002994
1592 -0.018157 0.079592
1593 0.078173 0.029446
1594 0.039840 -0.073064
1595 -0.062138 -0.050499
1596 -0.065900 0.058341
1597 0.051407 0.066595
1598 0.070673 -0.039278
1599 -0.026205 -0.071780
1600 -0.071955 0.012072
1601 -0.001637 0.071799
1602 0.067589 0.015974
1603 0.029565 -0.065376
1604 -0.059076 -0.040786
1605 -0.050702 0.052268
1606 0.044550 0.059382
1607 0.057861 -0.039325
1608 -0.004317 -0.051001
1609 -0.090596 -0.011790
1610 0.002655 0.083710
1611 0.075414 0.013431
1612 0.024391 -0.069233
1613 -0.063846 -0.037260
1614 -0.045335 0.056294
1615 0.045394 0.053137
1616 0.060966 -0.033563
1617 -0.022010 -0.066810
1618 -0.070757 0.010679
1619 -0.000760 0.072405
1620 0.070139 0.011307
1621 0.025092 -0.066619
1622 -0.062666 -0.035837
1623 -0.046665 0.056015
1624 0.049171 0.054907
1625 0.061413 -0.038382
1626 -0.028810 -0.069905
1627 -0.072634 0.020813
1628 0.009824 0.072366
1629 0.072250 0.002948
1630 0.013318 -0.069381
1631 -0.065786 -0.025469
1632 -0.034767 0.059991
1633 0.052484 0.043757
1634 0.051807 -0.044465
1635 -0.034122 -0.055719
1636 -0.062498 0.022028
1637 0.012170 0.063431
1638 0.068498 0.002983
1639 0.007216 -0.068639
1640 -0.061940 -0.018862
1641 -0.031264 0.057372
1642 0.054035 0.039776
1643 0.046728 -0.046165
1644 -0.039416 -0.052441
1645 -0.054520 0.030731
1646 0.018963 0.056327
1647 0.058760 -0.010577
1648 -0.002070 -0.053665
1649 -0.049598 -0.010197
1650 -0.020362 0.044089
1651 0.037530 0.030977
1652 0.041011 -0.031453
1653 -0.025871 -0.047357
1654 -0.051141 0.017034
1655 0.008041 0.056150
1656 0.056835 0.001130
1657 0.009226 -0.061069
1658 -0.055838 -0.017832
1659 -0.034945 0.062369
1660 0.079588 0.009542
1661 0.002717 -0.017434
1662 -0.017008 -0.046791
1663 -0.048385 0.017799
1664 0.012064 0.052509
1665 0.055057 -0.006295
1666 0.000581 -0.054936
1667 -0.053105 -0.006643
1668 -0.015577 0.048592
1669 0.047085 0.023846
1670 0.028926 -0.043044
1671 -0.037037 -0.034303
1672 -0.038175 0.033205
1673 0.020795 0.038388
1674 0.049320 -0.014004
1675 -0.010546 -0.047967
1676 -0.048825 0.001527
1677 -0.004901 0.048838
1678 0.046843 0.010895
1679 0.016341 -0.044218
1680 -0.036829 -0.020151
1681 -0.029343 0.029907
1682 0.025091 0.034933
1683 0.041709 -0.019342
1684 -0.015942 -0.044519
1685 -0.045869 0.010012
1686 0.004411 0.045223
1687 0.042875 0.003674
1688 0.012135 -0.042034
1689 -0.039854 -0.018530
1690 -0.026600 0.037563
1691 0.035138 0.030428
1692 0.035612 -0.029354
1693 -0.024699 -0.040839
1694 -0.043533 0.019951
1695 0.013644 0.044887
1696 0.046059 -0.005930
1697 0.000469 -0.046535
1698 -0.043934 -0.006956
1699 -0.017671 0.039883
1700 0.040140 0.027661
1701 0.035057 -0.038275
1702 -0.037793 -0.042901
1703 -0.045065 0.035453
1704 0.030237 0.048866
1705 0.049551 -0.024575
1706 -0.015794 -0.051432
1707 -0.052680 0.009237
1708 0.000418 0.051319
1709 0.051118 0.009003
1710 0.017011 -0.050369
1711 -0.048022 -0.023628
1712 -0.030604 0.042688
1713 0.037699 0.038792
1714 0.045070 -0.032549
1715 -0.026921 -0.051405
1716 -0.055150 0.021279
1717 0.013976 0.058933
1718 0.063698 -0.009890
1719 -0.006585 -0.059206
1720 -0.056656 -0.003190
1721 -0.010353 0.053398
1722 0.049229 0.018332
1723 0.024613 -0.045470
1724 -0.039452 -0.029597
1725 -0.032957 0.033146
1726 0.023669 0.036757
1727 0.040125 -0.017167
1728 -0.007174 -0.040258
1729 -0.043895 -0.002479
1730 -0.009968 0.046445
1731 0.048615 0.015065
1732 0.017827 -0.047189
1733 -0.043640 -0.022675
1734 -0.024357 0.040338
1735 0.032299 0.027311
1736 0.031185 -0.024624
1737 -0.016731 -0.035902
1738 -0.040629 0.009441
1739 0.002562 0.046110
1740 0.051380 0.001714
1741 0.002535 -0.055342
1742 -0.051830 -0.001820
1743 -0.006643 0.047870
1744 0.043903 0.009381
1745 0.016157 -0.037962
1746 -0.035104 -0.023540
1747 -0.032168 0.032748
1748 0.033348 0.040889
1749 0.046891 -0.038815
1750 -0.043376 -0.046464
1751 -0.042174 0.046140
1752 0.043660 0.035515
1753 0.029882 -0.035875
1754 -0.024912 -0.029532
1755 -0.033217 0.016428
1756 0.009503 0.037367
1757 0.043705 -0.005445
1758 -0.006695 -0.045636
1759 -0.043571 0.003515
1760 -0.001271 0.043995
1761 0.045981 0.004774
1762 0.006820 -0.047968
1763 -0.048876 -0.004917
1764 -0.002542 0.045467
1765 0.038888 0.000855
1766 0.000184 -0.028931
1767 -0.017937 -0.007220
1768 -0.015639 0.014386
1769 0.016084 0.019454
1770 0.017324 -0.014762
1771 -0.015813 -0.015609
1772 -0.006081 0.015071
1773 0.010393 -0.002960
1774 -0.011986 -0.003560
1775 0.003106 0.019306
1776 0.022302 -0.009977
1777 -0.010364 -0.024095
1778 -0.025529 0.010346
1779 0.005458 0.024695
1780 0.017150 0.005112
1781 0.031265 -0.016969
1782 -0.024403 -0.052068
1783 -0.073346 0.030455
1784 0.034799 0.090164
1785 0.106225 -0.031414
1786 -0.019283 -0.120284
1787 -0.144627 -0.003341
1788 -0.027030 0.172363
1789 0.202941 0.055183
1790 0.081031 -0.233714
1791 -0.251812 -0.108194
1792 -0.155788 0.263506
1793 0.278601 0.212013
1794 0.270830 -0.291939
1795 -0.299535 -0.322214
1796 -0.380334 0.274646
1797 0.226834 0.468162
1798 0.574776 -0.167196
1799 -0.105466 -0.702778
1800 -0.849184 0.044547
1801 -0.012804 0.980160
1802 1.032397 0.209312
1803 0.504483 -1.137754
1804 -1.372200 -0.988824
1805 -1.465485 2.292456
1806 -0.573434 4.565219
1807 9.148026 -16.879999
1808 -12.486219 16.025774
1809 8.080030 -2.246360
1810 -0.801747 -3.473552
1811 -2.093250 -0.286962
1812 -0.899520 1.645630
1813 1.642643 1.064204
1814 1.010190 -1.361103
1815 -1.071517 -1.058754
1816 -1.125464 0.819266
1817 0.639340 1.203059
1818 1.258698 -0.520934
1819 -0.442244 -1.252604
1820 -1.188867 0.358901
1821 0.256460 1.097746
1822 1.010497 -0.148550
1823 -0.056670 -0.912746
1824 -0.789172 -0.027015
1825 -0.122051 0.645604
1826 0.494826 0.233297
1827 0.363636 -0.368745
1828 -0.282177 -0.463674
1829 -0.500996 0.185722
1830 0.025577 0.483613
1831 0.409272 0.286470
1832 0.941755 -0.512421
1833 -1.235269 -1.730254
1834 -2.347828 2.797418
1835 6.043051 2.022167
1836 -6.432597 -9.822671
1837 4.782377 10.584533
1838 -1.751449 -3.955172
1839 0.020079 -0.387114
1840 -0.572647 0.417706
1841 0.465287 0.404339
1842 0.278073 -0.369197
1843 -0.274423 -0.244108
1844 -0.213877 0.254726
1845 0.215297 0.200228
1846 0.214813 -0.196482
1847 -0.196790 -0.221900
1848 -0.213139 0.194809
1849 0.179125 0.207838
1850 0.210228 -0.158254
1851 -0.134888 -0.213050
1852 -0.222009 0.107357
1853 0.087239 0.231975
1854 0.236132 -0.066736
1855 -0.044797 -0.233893
1856 -0.227836 0.018842
1857 -0.011900 0.221187
1858 0.219781 0.039000
1859 0.059414 -0.214320
1860 -0.202070 -0.072372
1861 -0.083861 0.180121
1862 0.150192 0.096935
1863 0.115067 -0.117384
1864 -0.088539 -0.133973
1865 -0.148894 0.061943
1866 0.038239 0.158814
1867 0.162876 -0.016430
1868 0.005565 -0.158856
1869 -0.150840 -0.027826
1870 -0.048327 0.137952
1871 0.119581 0.067163
1872 0.086033 -0.095467
1873 -0.070327 -0.107234
1874 -0.125905 0.047275
1875 0.025912 0.138724
1876 0.148375 -0.008211
1877 0.018793 -0.133630
1878 -0.150086 -0.051264
1879 -0.058423 0.130831
1880 0.115030 0.093644
1881 0.118360 -0.104397
1882 -0.091490 -0.138351
1883 -0.151276 0.076391
1884 0.055255 0.159477
1885 0.165835 -0.031515
1886 -0.006888 -0.169786
1887 -0.170082 -0.014944
1888 -0.034999 0.164068
1889 0.150703 0.054705
1890 0.075210 -0.131147
1891 -0.110456 -0.099951
1892 -0.121543 0.088202
1893 0.069209 0.144839
1894 0.160809 -0.055793
1895 -0.040907 -0.161601
1896 -0.159229 0.018804
1897 -0.004195 0.150763
1898 0.138908 0.031028
1899 0.059656 -0.127023
1900 -0.116954 -0.085144
1901 -0.104719 0.103251
1902 0.090202 0.122040
1903 0.128340 -0.070305
1904 -0.046669 -0.139347
1905 -0.141818 0.026477
1906 0.000677 0.139752
1907 0.136229 0.023744
1908 0.048698 -0.128414
1909 -0.118464 -0.070293
1910 -0.092163 0.104630
1911 0.091223 0.109307
1912 0.122527 -0.073687
1913 -0.055610 -0.132033
1914 -0.136017 0.035423
1915 0.012713 0.134152
1916 0.132413 0.014427
1917 0.035551 -0.128348
1918 -0.116964 -0.057641
1919 -0.079405 0.105552
1920 0.090114 0.096219
1921 0.112432 -0.072433
1922 -0.053461 -0.124149
1923 -0.134248 0.032973
1924 0.016840 0.137920
1925 0.135403 0.007239
1926 0.025911 -0.133313
1927 -0.124889 -0.048494
1928 -0.064496 0.118252
1929 0.102084 0.078357
1930 0.093042 -0.084724
1931 -0.066136 -0.105269
1932 -0.113677 0.045398
1933 0.025938 0.120458
1934 0.121130 -0.003424
1935 0.015270 -0.122758
1936 -0.116260 -0.034173
1937 -0.052606 0.109969
1938 0.099031 0.068121
1939 0.084897 -0.087664
1940 -0.075702 -0.094438
1941 -0.101555 0.059940
1942 0.041219 0.105518
1943 0.108158 -0.023405
1944 -0.002751 -0.104785
1945 -0.104254 -0.019097
1946 -0.036907 0.100644
1947 0.094467 0.052250
1948 0.067651 -0.084495
1949 -0.074655 -0.078121
1950 -0.087487 0.058308
1951 0.041927 0.096612
1952 0.105522 -0.026660
1953 -0.014982 -0.106727
1954 -0.102648 -0.002236
1955 -0.020870 0.098760
1956 0.093318 0.037126
1957 0.054773 -0.085441
1958 -0.079028 -0.067821
1959 -0.078993 0.068586
1960 0.057162 0.085383
1961 0.090483 -0.040768
1962 -0.022855 -0.094080
1963 -0.099102 0.005407
1964 -0.008260 0.098960
1965 0.092854 0.021554
1966 0.042979 -0.084249
1967 -0.081604 -0.058692
1968 -0.069999 0.074056
1969 0.061980 0.078481
1970 0.087521 -0.047111
1971 -0.031622 -0.094143
1972 -0.100681 0.015529
1973 0.000523 0.101569
1974 0.100882 0.016809
1975 0.033174 -0.096986
1976 -0.091244 -0.050303
1977 -0.064727 0.082050
1978 0.073369 0.082158
1979 0.088956 -0.063808
1980 -0.046387 -0.096550
1981 -0.103197 0.028627
1982 0.011403 0.107593
1983 0.107348 0.005926
1984 0.025556 -0.103780
1985 -0.100676 -0.043672
1986 -0.057991 0.092515
1987 0.080003 0.072961
1988 0.086526 -0.067824
1989 -0.051521 -0.095429
1990 -0.104438 0.034590
1991 0.016274 0.107230
1992 0.110089 0.005298
1993 0.023165 -0.111406
1994 -0.105807 -0.040006
1995 -0.058212 0.099275
1996 0.088735 0.072229
1997 0.086003 -0.075588
1998 -0.060466 -0.095840
1999 -0.103526 0.042096
2000 0.023735 0.109590
2001 0.111282 -0.005568
2002 0.012943 -0.110812
2003 -0.105506 -0.030129
2004 -0.047504 0.097588
2005 0.086821 0.064914
2006 0.078728 -0.075878
2007 -0.060379 -0.090625
2008 -0.099090 0.044552
2009 0.025009 0.106339
2010 0.111235 -0.007652
2011 0.009246 -0.111452
2012 -0.106884 -0.028208
2013 -0.053632 0.103510
2014 0.112173 0.058384
2015 0.062084 -0.081115
2016 -0.068544 -0.086488
2017 -0.095568 0.055137
2018 0.039921 0.103508
2019 0.105949 -0.022025
2020 -0.001738 -0.108954
2021 -0.107839 -0.015795
2022 -0.035909 0.103427
2023 0.098843 0.052491
2024 0.066849 -0.087474
2025 -0.073214 -0.082829
2026 -0.096518 0.060222
2027 0.043615 0.105332
2028 0.113597 -0.025259
2029 -0.009831 -0.118290
2030 -0.115171 -0.008910
2031 -0.030992 0.112489
2032 0.109320 0.048440
2033 0.064231 -0.098443
2034 -0.086424 -0.080023
2035 -0.094011 0.070843
2036 0.056808 0.104575
2037 0.110282 -0.037261
2038 -0.017690 -0.113701
2039 -0.115429 -0.006054
2040 -0.024132 0.114189
2041 0.107546 0.046203
2042 0.063738 -0.100159
2043 -0.088004 -0.081932
2044 -0.095503 0.076099
2045 0.058096 0.105671
2046 0.115402 -0.039849
2047 -0.017716 -0.119868
2048 -0.127237 -0.000000
2049 -0.017716 0.119868
2050 0.115402 0.039849
2051 0.058096 -0.105671
2052 -0.095503 -0.076099
2053 -0.088004 0.081932
2054 0.063738 0.100159
2055 0.107546 -0.046203
2056 -0.024132 -0.114189
2057 -0.115429 0.006054
2058 -0.017690 0.113701
2059 0.110282 0.037261
2060 0.056808 -0.104575
2061 -0.094011 -0.070843
2062 -0.086424 0.080023
2063 0.064231 0.098443
2064 0.109320 -0.048440
2065 -0.030992 -0.112489
2066 -0.115171 0.008910
2067 -0.009831 0.118290
2068 0.113597 0.025259
2069 0.043615 -0.105332
2070 -0.096518 -0.060222
2071 -0.073214 0.082829
2072 0.066849 0.087474
2073 0.098843 -0.052491
2074 -0.035909 -0.103427
2075 -0.107839 0.015795
2076 -0.001738 0.108954
2077 0.105949 0.022025
2078 0.039921 -0.103508
2079 -0.095568 -0.055137
2080 -0.068544 0.086488
2081 0.062084 0.081115
2082 0.112173 -0.058384
2083 -0.053632 -0.103510
2084 -0.106884 0.028208
2085 0.009246 0.111452
2086 0.111235 0.007652
2087 0.025009 -0.106339
2088 -0.099090 -0.044552
2089 -0.060379 0.090625
2090 0.078728 0.075878
2091 0.086821 -0.064914
2092 -0.047504 -0.097588
2093 -0.105506 0.030129
2094 0.012943 0.110812
2095 0.111282 0.005568
2096 0.023735 -0.109590
2097 -0.103526 -0.042096
2098 -0.060466 0.095840
2099 0.086003 0.075588
2100 0.088735 -0.072229
2101 -0.058212 -0.099275
2102 -0.105807 0.040006
2103 0.023165 0.111406
2104 0.110089 -0.005298
2105 0.016274 -0.107230
2106 -0.104438 -0.034590
2107 -0.051521 0.095429
2108 0.086526 0.067824
2109 0.080003 -0.072961
2110 -0.057991 -0.092515
2111 -0.100676 0.043672
2112 0.025556 0.103780
2113 0.107348 -0.005926
2114 0.011403 -0.107593
2115 -0.103197 -0.028627
2116 -0.046387 0.096550
2117 0.088956 0.063808
2118 0.073369 -0.082158
2119 -0.064727 -0.082050
2120 -0.091244 0.050303
2121 0.033174 0.096986
2122 0.100882 -0.016809
2123 0.000523 -0.101569
2124 -0.100681 -0.015529
2125 -0.031622 0.094143
2126 0.087521 0.047111
2127 0.061980 -0.078481
2128 -0.069999 -0.074056
2129 -0.081604 0.058692
2130 0.042979 0.084249
2131 0.092854 -0.021554
2132 -0.008260 -0.098960
2133 -0.099102 -0.005407
2134 -0.022855 0.094080
2135 0.090483 0.040768
2136 0.057162 -0.085383
2137 -0.078993 -0.068586
2138 -0.079028 0.067821
2139 0.054773 0.085441
2140 0.093318 -0.037126
2141 -0.020870 -0.098760
2142 -0.102648 0.002236
2143 -0.014982 0.106727
2144 0.105522 0.026660
2145 0.041927 -0.096612
2146 -0.087487 -0.058308
2147 -0.074655 0.078121
2148 0.067651 0.084495
2149 0.094467 -0.052250
2150 -0.036907 -0.100644
2151 -0.104254 0.019097
2152 -0.002751 0.104785
2153 0.108158 0.023405
2154 0.041219 -0.105518
2155 -0.101555 -0.059940
2156 -0.075702 0.094438
2157 0.084897 0.087664
2158 0.099031 -0.068121
2159 -0.052606 -0.109969
2160 -0.116260 0.034173
2161 0.015270 0.122758
2162 0.121130 0.003424
2163 0.025938 -0.120458
2164 -0.113677 -0.045398
2165 -0.066136 0.105269
2166 0.093042 0.084724
2167 0.102084 -0.078357
2168 -0.064496 -0.118252
2169 -0.124889 0.048494
2170 0.025911 0.133313
2171 0.135403 -0.007239
2172 0.016840 -0.137920
2173 -0.134248 -0.032973
2174 -0.053461 0.124149
2175 0.112432 0.072433
2176 0.090114 -0.096219
2177 -0.079405 -0.105552
2178 -0.116964 0.057641
2179 0.035551 0.128348
2180 0.132413 -0.014427
2181 0.012713 -0.134152
2182 -0.136017 -0.035423
2183 -0.055610 0.132033
2184 0.122527 0.073687
2185 0.091223 -0.109307
2186 -0.092163 -0.104630
2187 -0.118464 0.070293
2188 0.048698 0.128414
2189 0.136229 -0.023744
2190 0.000677 -0.139752
2191 -0.141818 -0.026477
2192 -0.046669 0.139347
2193 0.128340 0.070305
2194 0.090202 -0.122040
2195 -0.104719 -0.103251
2196 -0.116954 0.085144
2197 0.059656 0.127023
2198 0.138908 -0.031028
2199 -0.004195 -0.150763
2200 -0.159229 -0.018804
2201 -0.040907 0.161601
2202 0.160809 0.055793
2203 0.069209 -0.144839
2204 -0.121543 -0.088202
2205 -0.110456 0.099951
2206 0.075210 0.131147
2207 0.150703 -0.054705
2208 -0.034999 -0.164068
2209 -0.170082 0.014944
2210 -0.006888 0.169786
2211 0.165835 0.031515
2212 0.055255 -0.159477
2213 -0.151276 -0.076391
2214 -0.091490 0.138351
2215 0.118360 0.104397
2216 0.115030 -0.093644
2217 -0.058423 -0.130831
2218 -0.150086 0.051264
2219 0.018793 0.133630
2220 0.148375 0.008211
2221 0.025912 -0.138724
2222 -0.125905 -0.047275
2223 -0.070327 0.107234
2224 0.086033 0.095467
2225 0.119581 -0.067163
2226 -0.048327 -0.137952
2227 -0.150840 0.027826
2228 0.005565 0.158856
2229 0.162876 0.016430
2230 0.038239 -0.158814
2231 -0.148894 -0.061943
2232 -0.088539 0.133973
2233 0.115067 0.117384
2234 0.150192 -0.096935
2235 -0.083861 -0.180121
2236 -0.202070 0.072372
2237 0.059414 0.214320
2238 0.219781 -0.039000
2239 -0.011900 -0.221187
2240 -0.227836 -0.018842
2241 -0.044797 0.233893
2242 0.236132 0.066736
2243 0.087239 -0.231975
2244 -0.222009 -0.107357
2245 -0.134888 0.213050
2246 0.210228 0.158254
2247 0.179125 -0.207838
2248 -0.213139 -0.194809
2249 -0.196790 0.221900
2250 0.214813 0.196482
2251 0.215297 -0.200228
2252 -0.213877 -0.254726
2253 -0.274423 0.244108
2254 0.278073 0.369197
2255 0.465287 -0.404339
2256 -0.572647 -0.417706
2257 0.020079 0.387114
2258 -1.751449 3.955172
2259 4.782377 -10.584533
2260 -6.432597 9.822671
2261 6.043051 -2.022167
2262 -2.347828 -2.797418
2263 -1.235269 1.730254
2264 0.941755 0.512421
2265 0.409272 -0.286470
2266 0.025577 -0.483613
2267 -0.500996 -0.185722
2268 -0.282177 0.463674
2269 0.363636 0.368745
2270 0.494826 -0.233297
2271 -0.122051 -0.645604
2272 -0.789172 0.027015
2273 -0.056670 0.912746
2274 1.010497 0.148550
2275 0.256460 -1.097746
2276 -1.188867 -0.358901
2277 -0.442244 1.252604
2278 1.258698 0.520934
2279 0.639340 -1.203059
2280 -1.125464 -0.819266
2281 -1.071517 1.058754
2282 1.010190 1.361103
2283 1.642643 -1.064204
2284 -0.899520 -1.645630
2285 -2.093250 0.286962
2286 -0.801747 3.473552
2287 8.080030 2.246360
2288 -12.486219 -16.025774
2289 9.148026 16.879999
2290 -0.573434 -4.565219
2291 -1.465485 -2.292456
2292 -1.372200 0.988824
2293 0.504483 1.137754
2294 1.032397 -0.209312
2295 -0.012804 -0.980160
2296 -0.849184 -0.044547
2297 -0.105466 0.702778
2298 0.574776 0.167196
2299 0.226834 -0.468162
2300 -0.380334 -0.274646
2301 -0.299535 0.322214
2302 0.270830 0.291939
2303 0.278601 -0.212013
2304 -0.155788 -0.263506
2305 -0.251812 0.108194
2306 0.081031 0.233714
2307 0.202941 -0.055183
2308 -0.027030 -0.172363
2309 -0.144627 0.003341
2310 -0.019283 0.120284
2311 0.106225 0.031414
2312 0.034799 -0.090164
2313 -0.073346 -0.030455
2314 -0.024403 0.052068
2315 0.031265 0.016969
2316 0.017150 -0.005112
2317 0.005458 -0.024695
2318 -0.025529 -0.010346
2319 -0.010364 0.024095
2320 0.022302 0.009977
2321 0.003106 -0.019306
2322 -0.011986 0.003560
2323 0.010393 0.002960
2324 -0.006081 -0.015071
2325 -0.015813 0.015609
2326 0.017324 0.014762
2327 0.016084 -0.019454
2328 -0.015639 -0.014386
2329 -0.017937 0.007220
2330 0.000184 0.028931
2331 0.038888 -0.000855
2332 -0.002542 -0.045467
2333 -0.048876 0.004917
2334 0.006820 0.047968
2335 0.045981 -0.004774
2336 -0.001271 -0.043995
2337 -0.043571 -0.003515
2338 -0.006695 0.045636
2339 0.043705 0.005445
2340 0.009503 -0.037367
2341 -0.033217 -0.016428
2342 -0.024912 0.029532
2343 0.029882 0.035875
2344 0.043660 -0.035515
2345 -0.042174 -0.046140
2346 -0.043376 0.046464
2347 0.046891 0.038815
2348 0.033348 -0.040889
2349 -0.032168 -0.032748
2350 -0.035104 0.023540
2351 0.016157 0.037962
2352 0.043903 -0.009381
2353 -0.006643 -0.047870
2354 -0.051830 0.001820
2355 0.002535 0.055342
2356 0.051380 -0.001714
2357 0.002562 -0.046110
2358 -0.040629 -0.009441
2359 -0.016731 0.035902
2360 0.031185 0.024624
2361 0.032299 -0.027311
2362 -0.024357 -0.040338
2363 -0.043640 0.022675
2364 0.017827 0.047189
2365 0.048615 -0.015065
2366 -0.009968 -0.046445
2367 -0.043895 0.002479
2368 -0.007174 0.040258
2369 0.040125 0.017167
2370 0.023669 -0.036757
2371 -0.032957 -0.033146
2372 -0.039452 0.029597
2373 0.024613 0.045470
2374 0.049229 -0.018332
2375 -0.010353 -0.053398
2376 -0.056656 0.003190
2377 -0.006585 0.059206
2378 0.063698 0.009890
2379 0.013976 -0.058933
2380 -0.055150 -0.021279
2381 -0.026921 0.051405
2382 0.045070 0.032549
2383 0.037699 -0.038792
2384 -0.030604 -0.042688
2385 -0.048022 0.023628
2386 0.017011 0.050369
2387 0.051118 -0.009003
2388 0.000418 -0.051319
2389 -0.052680 -0.009237
2390 -0.015794 0.051432
2391 0.049551 0.024575
2392 0.030237 -0.048866
2393 -0.045065 -0.035453
2394 -0.037793 0.042901
2395 0.035057 0.038275
2396 0.040140 -0.027661
2397 -0.017671 -0.039883
2398 -0.043934 0.006956
2399 0.000469 0.046535
2400 0.046059 0.005930
2401 0.013644 -0.044887
2402 -0.043533 -0.019951
2403 -0.024699 0.040839
2404 0.035612 0.029354
2405 0.035138 -0.030428
2406 -0.026600 -0.037563
2407 -0.039854 0.018530
2408 0.012135 0.042034
2409 0.042875 -0.003674
2410 0.004411 -0.045223
2411 -0.045869 -0.010012
2412 -0.015942 0.044519
2413 0.041709 0.019342
2414 0.025091 -0.034933
2415 -0.029343 -0.029907
2416 -0.036829 0.020151
2417 0.016341 0.044218
2418 0.046843 -0.010895
2419 -0.004901 -0.048838
2420 -0.048825 -0.001527
2421 -0.010546 0.047967
2422 0.049320 0.014004
2423 0.020795 -0.038388
2424 -0.038175 -0.033205
2425 -0.037037 0.034303
2426 0.028926 0.043044
2427 0.047085 -0.023846
2428 -0.015577 -0.048592
2429 -0.053105 0.006643
2430 0.000581 0.054936
2431 0.055057 0.006295
2432 0.012064 -0.052509
2433 -0.048385 -0.017799
2434 -0.017008 0.046791
2435 0.002717 0.017434
2436 0.079588 -0.009542
2437 -0.034945 -0.062369
2438 -0.055838 0.017832
2439 0.009226 0.061069
2440 0.056835 -0.001130
2441 0.008041 -0.056150
2442 -0.051141 -0.017034
2443 -0.025871 0.047357
2444 0.041011 0.031453
2445 0.037530 -0.030977
2446 -0.020362 -0.044089
2447 -0.049598 0.010197
2448 -0.002070 0.053665
2449 0.058760 0.010577
2450 0.018963 -0.056327
2451 -0.054520 -0.030731
2452 -0.039416 0.052441
2453 0.046728 0.046165
2454 0.054035 -0.039776
2455 -0.031264 -0.057372
2456 -0.061940 0.018862
2457 0.007216 0.068639
2458 0.068498 -0.002983
2459 0.012170 -0.063431
2460 -0.062498 -0.022028
2461 -0.034122 0.055719
2462 0.051807 0.044465
2463 0.052484 -0.043757
2464 -0.034767 -0.059991
2465 -0.065786 0.025469
2466 0.013318 0.069381
2467 0.072250 -0.002948
2468 0.009824 -0.072366
2469 -0.072634 -0.020813
2470 -0.028810 0.069905
2471 0.061413 0.038382
2472 0.049171 -0.054907
2473 -0.046665 -0.056015
2474 -0.062666 0.035837
2475 0.025092 0.066619
2476 0.070139 -0.011307
2477 -0.000760 -0.072405
2478 -0.070757 -0.010679
2479 -0.022010 0.066810
2480 0.060966 0.033563
2481 0.045394 -0.053137
2482 -0.045335 -0.056294
2483 -0.063846 0.037260
2484 0.024391 0.069233
2485 0.075414 -0.013431
2486 0.002655 -0.083710
2487 -0.090596 0.011790
2488 -0.004317 0.051001
2489 0.057861 0.039325
2490 0.044550 -0.059382
2491 -0.050702 -0.052268
2492 -0.059076 0.040786
2493 0.029565 0.065376
2494 0.067589 -0.015974
2495 -0.001637 -0.071799
2496 -0.071955 -0.012072
2497 -0.026205 0.071780
2498 0.070673 0.039278
2499 0.051407 -0.066595
2500 -0.065900 -0.058341
2501 -0.062138 0.050499
2502 0.039840 0.073064
2503 0.078173 -0.029446
2504 -0.018157 -0.079592
2505 -0.079320 0.002994
2506 -0.010644 0.080866
2507 0.078075 0.022218
2508 0.032823 -0.072624
2509 -0.063835 -0.045403
2510 -0.055824 0.056695
2511 0.046691 0.063733
2512 0.070265 -0.034326
2513 -0.022168 -0.076963
2514 -0.079166 0.008647
2515 -0.005160 0.083096
2516 0.081642 0.016613
2517 0.030459 -0.078691
2518 -0.074717 -0.042216
2519 -0.053043 0.066707
2520 0.058443 0.064550
2521 0.071736 -0.048480
2522 -0.034964 -0.079564
2523 -0.085061 0.023201
2524 0.007634 0.088375
2525 0.090297 0.005639
2526 0.020774 -0.089909
2527 -0.085771 -0.031622
2528 -0.045415 0.075937
2529 0.066993 0.060397
2530 0.070833 -0.055912
2531 -0.042011 -0.083453
2532 -0.091798 0.031226
2533 0.016278 0.094959
2534 0.098516 0.000940
2535 0.015411 -0.098759
2536 -0.095022 -0.031976
2537 -0.047074 0.089622
2538 0.080278 0.060985
2539 0.074565 -0.069210
2540 -0.056411 -0.084554
2541 -0.092306 0.040933
2542 0.023920 0.098199
2543 0.100063 -0.008101
2544 0.010473 -0.098499
2545 -0.093613 -0.028578
2546 -0.047994 0.088193
2547 0.081137 0.062172
2548 0.074946 -0.067893
2549 -0.054870 -0.087034
2550 -0.093553 0.039242
2551 0.021614 0.099318
2552 0.100097 -0.002491
2553 0.016914 -0.101795
2554 -0.099026 -0.033460
2555 -0.048264 0.092198
2556 0.081306 0.064080
2557 0.076907 -0.071547
2558 -0.055943 -0.085887
2559 -0.094805 0.040819
2560 0.023652 0.099995
2561 0.099972 -0.009629
2562 0.014594 -0.097003
2563 -0.100467 -0.030849
2564 -0.043005 0.093303
2565 0.082785 0.058722
2566 0.073472 -0.072192
2567 -0.062509 -0.084460
2568 -0.089790 0.046431
2569 0.029223 0.099155
2570 0.103334 -0.015490
2571 0.000834 -0.104092
2572 -0.101505 -0.017536
2573 -0.034742 0.100260
2574 0.093733 0.047850
2575 0.062591 -0.085554
2576 -0.075743 -0.074487
2577 -0.085557 0.062140
2578 0.049651 0.096188
2579 0.101970 -0.035073
2580 -0.019276 -0.106118
2581 -0.107194 0.000220
2582 -0.017963 0.109057
2583 0.107110 0.034688
2584 0.050933 -0.101464
2585 -0.092934 -0.067674
2586 -0.089269 0.082159
2587 0.093160 0.096449
2588 0.078069 -0.056679
2589 -0.024255 -0.107724
2590 -0.119596 0.012484
2591 -0.003205 0.123173
2592 0.120737 0.021361
2593 0.041622 -0.115318
2594 -0.107479 -0.063065
2595 -0.080457 0.097228
2596 0.081460 0.099540
2597 0.116086 -0.067887
2598 -0.050899 -0.125385
2599 -0.132976 0.028304
2600 0.007023 0.137652
2601 0.137502 0.018313
2602 0.041524 -0.135921
2603 -0.129114 -0.062992
2604 -0.082080 0.117190
2605 0.097976 0.099533
2606 0.118990 -0.076486
2607 -0.055351 -0.135051
2608 -0.144537 0.031960
2609 0.006082 0.151959
2610 0.155237 0.018407
2611 0.040635 -0.151051
2612 -0.139707 -0.066862
2613 -0.093284 0.129172
2614 0.115536 0.112040
2615 0.128989 -0.092884
2616 -0.071089 -0.145238
2617 -0.153431 0.046190
2618 0.017356 0.160668
2619 0.162628 0.008291
2620 0.036827 -0.159066
2621 -0.151122 -0.063225
2622 -0.088227 0.137643
2623 0.120674 0.115952
2624 0.135974 -0.106260
2625 -0.083962 -0.149333
2626 -0.163716 0.055592
2627 0.035825 0.177642
2628 0.167016 -0.012480
2629 0.028182 -0.167296
2630 -0.163518 -0.052479
2631 -0.078842 0.149849
2632 0.131192 0.105966
2633 0.131532 -0.111104
2634 -0.088443 -0.152942
2635 -0.170532 0.062487
2636 0.036583 0.183964
2637 0.189202 -0.008947
2638 0.021311 -0.189334
2639 -0.184118 -0.051997
2640 -0.083015 0.172697
2641 0.157224 0.115011
2642 0.144518 -0.140142
2643 -0.117189 -0.168401
2644 -0.191075 0.091994
2645 0.062786 0.205144
2646 0.218286 -0.029861
2647 0.000984 -0.224776
2648 -0.223352 -0.032960
2649 -0.066440 0.215043
2650 0.200205 0.098766
2651 0.134346 -0.178884
2652 -0.156657 -0.167531
2653 -0.197431 0.131813
2654 0.105398 0.221369
2655 0.237903 -0.077672
2656 -0.047902 -0.245704
2657 -0.241811 0.014514
2658 -0.027746 0.233164
2659 0.222934 0.069385
2660 0.110867 -0.209534
2661 -0.194133 -0.146978
2662 -0.173257 0.173899
2663 0.140188 0.195106
2664 0.217124 -0.104775
2665 -0.066599 -0.231898
2666 -0.240909 0.027465
2667 -0.012130 0.240902
2668 0.232907 0.052997
2669 0.092114 -0.216607
2670 -0.192545 -0.133823
2671 -0.170567 0.164565
2672 0.131730 0.205804
2673 0.231494 -0.096380
2674 -0.056353 -0.249044
2675 -0.254349 0.009958
2676 -0.045574 0.254011
2677 0.251140 0.102715
2678 0.157048 -0.242815
2679 -0.225975 -0.206655
2680 -0.254663 0.200570
2681 0.172258 0.295300
2682 0.327497 -0.133770
2683 -0.089307 -0.350025
2684 -0.366728 0.036380
2685 -0.017005 0.365213
2686 0.354792 0.086027
2687 0.161518 -0.340277
2688 -0.277379 -0.272689
2689 -0.448209 0.452660
2690 0.475165 0.195600
2691 0.258167 -0.244308
2692 -0.195159 -0.335083
2693 -0.364384 0.133355
2694 0.064731 0.383138
2695 0.389512 0.003185
2696 0.070268 -0.377626
2697 -0.349359 -0.145300
2698 -0.223346 0.315884
2699 0.286379 0.297763
2700 0.341335 -0.260782
2701 -0.204168 -0.350683
2702 -0.345322 0.118407
2703 0.008150 0.337289
2704 0.337901 0.107644
2705 0.202952 -0.369137
2706 -0.312666 -0.165003
2707 -0.122557 0.031160
2708 -0.254369 0.335539
2709 0.563728 -0.228489
2710 2.243199 3.554496
2711 -5.515618 -9.315249
2712 1.811636 9.810492
2713 4.032388 -3.506212
2714 -2.407633 -2.559559
2715 -2.078029 1.786460
2716 1.317007 1.757457
2717 1.565337 -0.951075
2718 -0.605972 -1.340183
2719 -1.212378 0.200161
2720 -0.120810 1.160083
2721 1.099179 0.353530
2722 0.524841 -0.994641
2723 -0.831079 -0.657294
2724 -0.778124 0.598155
2725 0.317679 0.908764
2726 1.048177 -0.017158
2727 0.294935 -1.188244
2728 -1.296712 -0.607415
2729 -0.949118 1.354100
2730 1.385518 1.324135
2731 1.725563 -1.375008
2732 -1.292356 -2.199774
2733 -2.753099 1.135558
2734 0.848753 3.373378
2735 4.397858 -0.249441
2736 0.363402 -6.470920
2737 -9.955439 -1.154243
2738 1.746502 19.328275
2739 24.142346 -27.174678
2740 -30.950486 19.070391
2741 9.486535 -4.652450
2742 5.407081 0.144577
2743 -2.340924 -3.570452
2744 -2.434142 1.256999
2745 0.553612 2.043157
2746 1.807213 -0.107955
2747 0.097862 -1.531823
2748 -1.282737 -0.264126
2749 -0.366607 1.063852
2750 0.850764 0.437733
2751 0.479864 -0.646631
2752 -0.486604 -0.508015
2753 -0.495590 0.357129
2754 0.231315 0.466003
2755 0.427958 -0.127668
2756 -0.044413 -0.372688
2757 -0.313576 -0.023521
2758 -0.076483 0.252294
2759 0.193463 0.112085
2760 0.125785 -0.133574
2761 -0.068996 -0.124008
2762 -0.116722 0.006265
2763 -0.051229 0.103046
2764 0.085632 0.098758
2765 0.128567 -0.057720
2766 -0.016907 -0.152594
2767 -0.169144 -0.029868
2768 -0.082759 0.182145
2769 0.191953 0.135843
2770 0.185665 -0.196515
2771 -0.196756 -0.230240
2772 -0.268242 0.188293
2773 0.172159 0.304677
2774 0.339232 -0.155835
2775 -0.141758 -0.364538
2776 -0.381320 0.128634
2777 0.122112 0.384660
2778 0.364867 -0.116075
2779 -0.097366 -0.324285
2780 -0.277526 0.063054
2781 0.020571 0.231288
2782 0.186669 0.024261
2783 0.070512 -0.145105
2784 -0.110004 -0.110142
2785 -0.142787 0.075405
2786 0.044403 0.167487
2787 0.181719 -0.013983
2788 0.016573 -0.187977
2789 -0.186635 -0.045678
2790 -0.075228 0.177185
2791 0.167941 0.103807
2792 0.121822 -0.151588
2793 -0.127036 -0.139580
2794 -0.151579 0.099258
2795 0.064508 0.162446
2796 0.171721 -0.028313
2797 0.005703 -0.182081
2798 -0.186447 -0.033610
2799 -0.057965 0.184621
2800 0.175595 0.077434
2801 0.093659 -0.155417
2802 -0.129525 -0.114438
2803 -0.132130 0.103876
2804 0.075437 0.148870
2805 0.161536 -0.050985
2806 -0.023891 -0.167068
2807 -0.172093 0.001385
2808 -0.020103 0.162250
2809 0.152141 0.044839
2810 0.066729 -0.135529
2811 -0.115340 -0.087195
2812 -0.109296 0.093706
2813 0.073749 0.124559
2814 0.136917 -0.050038
2815 -0.030060 -0.145114
2816 -0.145755 0.007382
2817 -0.012162 0.145370
2818 0.134589 0.028974
2819 0.049590 -0.118286
2820 -0.101837 -0.071932
2821 -0.090340 0.087133
2822 0.068278 0.103054
2823 0.116589 -0.047899
2824 -0.029840 -0.123714
2825 -0.127381 0.008641
2826 -0.011275 0.127489
2827 0.124295 0.030850
2828 0.051254 -0.116295
2829 -0.112215 -0.071207
2830 -0.082414 0.103311
2831 0.090386 0.094399
2832 0.101491 -0.077581
2833 -0.056621 -0.104976
2834 -0.114579 0.039211
2835 0.024931 0.113403
2836 0.110354 -0.005272
2837 0.013230 -0.106264
2838 -0.101330 -0.032549
2839 -0.047663 0.095452
2840 0.087495 0.061929
2841 0.071061 -0.077724
2842 -0.063493 -0.080165
2843 -0.088572 0.050265
2844 0.037939 0.093313
2845 0.094436 -0.024429
2846 -0.010077 -0.092303
2847 -0.088356 -0.004589
2848 -0.020645 0.081246
2849 0.074736 0.035182
2850 0.049703 -0.064129
2851 -0.056521 -0.063963
2852 -0.072048 0.047798
2853 0.035142 0.077862
2854 0.083724 -0.022126
2855 -0.010623 -0.087394
2856 -0.085124 -0.000177
2857 -0.015101 0.083895
2858 0.079175 0.022735
2859 0.035948 -0.068346
2860 -0.062118 -0.047653
2861 -0.054526 0.050514
2862 0.039174 0.065059
2863 0.070697 -0.030173
2864 -0.022912 -0.072586
2865 -0.063760 0.009356
2866 -0.012320 0.064604
2867 0.064726 0.023366
2868 0.035793 -0.062301
2869 -0.055953 -0.043315
2870 -0.052332 0.049156
2871 0.040439 0.057575
2872 0.060885 -0.030985
2873 -0.019106 -0.062347
2874 -0.063504 0.006228
2875 -0.004159 0.064639
2876 0.060634 0.014289
2877 0.025750 -0.057010
2878 -0.052545 -0.034163
2879 -0.042504 0.045702
2880 0.040245 0.048370
2881 0.052316 -0.031746
2882 -0.025464 -0.053986
2883 -0.052442 0.014298
2884 0.004257 0.052623
2885 0.050829 0.005003
2886 0.013571 -0.046639
2887 -0.043556 -0.022775
2888 -0.028253 0.042480
2889 0.017407 0.036750
2890 0.069110 -0.070402
2891 -0.035548 0.022063
2892 -0.039672 -0.013988
2893 0.003363 0.042362
2894 0.039424 0.002394
2895 0.009634 -0.038428
2896 -0.035999 -0.014018
2897 -0.019185 0.032199
2898 0.027397 0.023933
2899 0.029115 -0.024695
2900 -0.020042 -0.031279
2901 -0.033394 0.016598
2902 0.011832 0.033362
2903 0.031996 -0.006008
2904 0.000706 -0.033120
2905 -0.032773 -0.004281
2906 -0.007950 0.031067
2907 0.028402 0.011925
2908 0.014066 -0.025923
2909 -0.021047 -0.017265
2910 -0.020294 0.017628
2911 0.013423 0.021552
2912 0.024492 -0.007308
2913 -0.004816 -0.026663
2914 -0.027026 -0.000062
2915 -0.002442 0.027914
2916 0.026085 0.005598
2917 0.009462 -0.025411
2918 -0.024163 -0.010077
2919 -0.013619 0.019028
2920 0.019039 0.019866
2921 0.018763 -0.019470
2922 -0.014975 -0.021096
2923 -0.021620 0.014020
2924 0.010779 0.021143
2925 0.019875 -0.006729
2926 -0.002153 -0.019810
2927 -0.019684 -0.001679
2928 -0.005010 0.019098
2929 0.020327 0.006719
2930 0.006848 -0.015040
2931 -0.013618 -0.012639
2932 -0.014123 0.012612
2933 0.010421 0.015216
2934 0.016386 -0.006465
2935 -0.004734 -0.018742
2936 -0.016367 0.002053
2937 -0.003562 0.016817
2938 0.017965 0.005224
2939 0.008742 -0.015878
2940 -0.016930 -0.010776
2941 -0.011748 0.014255
2942 0.011709 0.013851
2943 0.015636 -0.008708
2944 -0.005302 -0.016804
2945 -0.017310 0.000387
2946 -0.005557 0.021062
2947 0.023240 0.007294
2948 0.010831 -0.023623
2949 -0.023757 -0.014434
2950 -0.018057 0.023719
2951 0.024752 0.021247
2952 0.021649 -0.023807
2953 -0.020957 -0.023914
2954 -0.025746 0.020099
2955 0.016368 0.026596
2956 0.028388 -0.016202
2957 -0.013065 -0.025960
2958 -0.024856 0.009034
2959 0.004479 0.023669
2960 0.021907 0.000423
2961 0.005112 -0.020525
2962 -0.018548 -0.010366
2963 -0.014889 0.016681
2964 0.015315 0.018998
2965 0.020724 -0.012283
2966 -0.008632 -0.023515
2967 -0.025798 0.004006
2968 0.001433 0.029419
2969 0.030631 0.000651
2970 0.002951 -0.029453
2971 -0.027637 -0.007984
2972 -0.013733 0.027563
2973 0.026863 0.015482
2974 0.020434 -0.022977
2975 -0.022466 -0.023319
2976 -0.025841 0.018226
2977 0.016781 0.028417
2978 0.028272 -0.011672
2979 -0.006917 -0.030855
2980 -0.031444 0.002989
2981 -0.001579 0.030359
2982 0.028977 0.007673
2983 0.013307 -0.028864
2984 -0.026658 -0.016830
2985 -0.022342 0.024174
2986 0.021118 0.025361
2987 0.030727 -0.016178
2988 -0.014342 -0.034673
2989 -0.035678 0.009477
2990 0.004388 0.038651
2991 0.037180 -0.000156
2992 0.009326 -0.037526
2993 -0.038559 -0.014196
2994 -0.020584 0.037565
2995 0.036246 0.022783
2996 0.027633 -0.028516
2997 -0.024968 -0.035169
2998 -0.037816 0.021215
2999 0.014235 0.039447
3000 0.041368 -0.005070
3001 0.003270 -0.045220
3002 -0.047068 -0.009200
3003 -0.013937 0.045251
3004 0.040434 0.021582
3005 0.030252 -0.036140
3006 -0.032919 -0.036738
3007 -0.042074 0.025996
3008 0.020097 0.047189
3009 0.050455 -0.012001
3010 -0.005678 -0.054115
3011 -0.051776 -0.001487
3012 -0.012033 0.051171
3013 0.050029 0.019298
3014 0.025241 -0.044689
3015 -0.037105 -0.033071
3016 -0.041699 0.029192
3017 0.023597 0.049329
3018 0.052588 -0.017258
3019 -0.009056 -0.053441
3020 -0.054379 -0.001213
3021 -0.008630 0.051060
3022 0.046746 0.021922
3023 0.030878 -0.042889
3024 -0.035382 -0.041865
3025 -0.050501 0.029997
3026 0.021215 0.058636
3027 0.063957 -0.015589
3028 -0.005548 -0.064542
3029 -0.065522 -0.006869
3030 -0.018673 0.065292
3031 0.063682 0.032157
3032 0.043016 -0.061384
3033 -0.056304 -0.055383
3034 -0.065232 0.053161
3035 0.045478 0.069334
3036 0.075750 -0.032804
3037 -0.022542 -0.081839
3038 -0.083924 0.011369
3039 -0.001005 0.083580
3040 0.078787 0.020147
3041 0.040186 -0.103994
3042 -0.093526 -0.006262
3043 -0.033474 0.059600
3044 0.057396 0.046165
3045 0.053889 -0.046577
3046 -0.034235 -0.056652
3047 -0.059653 0.016259
3048 -0.000917 0.063812
3049 0.067574 0.014836
3050 0.027055 -0.065301
3051 -0.061297 -0.039785
3052 -0.050767 0.052853
3053 0.043838 0.063681
3054 0.072682 -0.032255
3055 -0.019829 -0.084610
3056 -0.090718 0.009973
3057 -0.001800 0.094346
3058 0.092465 0.013975
3059 0.027731 -0.088143
3060 -0.081282 -0.045697
3061 -0.059731 0.077510
3062 0.067386 0.072889
3063 0.084343 -0.057637
3064 -0.044342 -0.095060
3065 -0.102410 0.033163
3066 0.017268 0.104565
3067 0.107777 -0.000382
3068 0.014426 -0.107058
3069 -0.101376 -0.029976
3070 -0.047097 0.094462
3071 0.083561 0.063914
3072 0.079403 -0.077489
3073 -0.060573 -0.085956
3074 -0.100175 0.042942
3075 0.026559 0.108062
3076 0.114056 -0.009508
3077 0.009894 -0.115656
3078 -0.115744 -0.029045
3079 -0.049106 0.113910
3080 0.108691 0.064752
3081 0.081781 -0.098874
3082 -0.088539 -0.095760
3083 -0.105808 0.073624
3084 0.052817 0.114620
3085 0.124950 -0.032286
3086 -0.010894 -0.129392
3087 -0.131686 -0.012434
3088 -0.038526 0.130977
3089 0.132257 0.062181
3090 0.080663 -0.130960
3091 -0.132925 -0.111898
3092 -0.050218 0.153709
3093 0.008538 0.073076
3094 0.158653 -0.031871
3095 -0.023242 -0.152218
3096 -0.156068 -0.000195
3097 -0.024939 0.158363
3098 0.157438 0.053530
3099 0.078492 -0.155588
3100 -0.147160 -0.102356
3101 -0.124979 0.136843
3102 0.121800 0.142432
3103 0.157031 -0.100502
3104 -0.074344 -0.170932
3105 -0.184137 0.045859
3106 0.019199 0.197453
3107 0.204815 0.004708
3108 0.024943 -0.208047
3109 -0.201924 -0.041931
3110 -0.055457 0.186429
3111 0.159609 0.071263
3112 0.092334 -0.128188
3113 -0.099738 -0.112552
3114 -0.129270 0.067819
3115 0.041488 0.144522
3116 0.147613 -0.016427
3117 0.012086 -0.143590
3118 -0.133013 -0.042042
3119 -0.073192 0.120436
3120 0.104683 0.098850
3121 0.119654 -0.083688
3122 -0.057550 -0.133290
3123 -0.142418 0.019730
3124 -0.023236 0.154779
3125 0.171882 0.058579
3126 0.082281 -0.168014
3127 -0.152885 -0.118454
3128 -0.152122 0.135552
3129 0.109356 0.184948
3130 0.215098 -0.079243
3131 -0.042558 -0.243941
3132 -0.267097 0.006810
3133 -0.034315 0.280899
3134 0.289625 0.077080
3135 0.121683 -0.288841
3136 -0.282255 -0.165628
3137 -0.204620 0.266879
3138 0.238040 0.238096
3139 0.270266 -0.197644
3140 -0.145184 -0.300227
3141 -0.332411 0.087767
3142 0.033689 0.355838
3143 0.368223 0.022104
3144 0.075343 -0.363125
3145 -0.340746 -0.138704
3146 -0.205685 0.311622
3147 0.275626 0.268313
3148 0.319344 -0.234380
3149 -0.170809 -0.351199
3150 -0.386089 0.080086
3151 -0.005303 0.427084
3152 0.439966 0.077753
3153 0.160559 -0.431661
3154 -0.396450 -0.244555
3155 -0.327554 0.322559
3156 0.218312 0.463588
3157 0.501586 -0.242296
3158 -0.038952 -0.447892
3159 -0.538648 -0.247540
3160 -0.578499 0.792241
3161 -0.050273 -2.945161
3162 6.667687 9.591857
3163 -9.251263 -14.429449
3164 0.413156 11.489660
3165 5.938309 -2.540134
3166 -1.796848 -3.413215
3167 -2.419806 0.807192
3168 -0.020095 2.146010
3169 2.115352 0.368611
3170 0.543209 -1.895318
3171 -1.604073 -0.732717
3172 -0.950687 1.298170
3173 1.006142 1.179152
3174 1.393184 -0.757668
3175 -0.542344 -1.523363
3176 -1.556142 0.295741
3177 0.001621 1.542251
3178 1.495074 0.322410
3179 0.669058 -1.406709
3180 -1.270130 -1.030149
3181 -1.379760 1.087393
3182 0.831082 1.725696
3183 2.107627 -0.484150
3184 -0.035525 -2.511177
3185 -2.921478 -0.529390
3186 -1.180925 3.376897
3187 3.903173 2.023815
3188 3.317043 -4.442874
3189 -5.158623 -5.640567
3190 -8.777056 6.687259
3191 14.964588 16.947396
3192 17.489929 -39.841359
3193 -55.131798 42.131527
3194 40.583977 -20.395544
3195 -5.283965 -2.710019
3196 -5.160236 0.756702
3197 -0.524472 4.213793
3198 3.086698 0.911273
3199 1.160088 -2.217811
3200 -1.740614 -1.375915
3201 -1.447471 1.326283
3202 0.948644 1.406294
3203 1.307261 -0.618230
3204 -0.350516 -1.190892
3205 -1.092247 0.121271
3206 -0.042773 0.961918
3207 0.799222 0.178280
3208 0.282727 -0.645405
3209 -0.496389 -0.352035
3210 -0.402064 0.349439
3211 0.207851 0.425802
3212 0.430941 -0.082345
3213 0.019198 -0.413831
3214 -0.372513 -0.109578
3215 -0.192602 0.317343
3216 0.252475 0.262926
3217 0.316840 -0.185518
3218 -0.118715 -0.353348
3219 -0.371418 0.048107
3220 -0.023425 0.377299
3221 0.366195 0.088363
3222 0.153149 -0.342113
3223 -0.312371 -0.210480
3224 -0.260184 0.271730
3225 0.228408 0.305573
3226 0.329922 -0.183130
3227 -0.128461 -0.349559
3228 -0.356990 0.077988
3229 0.027616 0.351895
3230 0.331070 0.024267
3231 0.078538 -0.305528
3232 -0.274289 -0.128011
3233 -0.172820 0.239546
3234 0.201320 0.210116
3235 0.236760 -0.163468
3236 -0.120661 -0.245506
3237 -0.254524 0.066042
3238 0.021905 0.255047
3239 0.243867 0.028426
3240 0.076606 -0.231602
3241 -0.213176 -0.117317
3242 -0.153900 0.186265
3243 0.155598 0.187070
3244 0.213412 -0.122704
3245 -0.089626 -0.232798
3246 -0.240125 0.056061
3247 0.018974 0.238728
3248 0.227761 0.020327
3249 0.061091 -0.211966
3250 -0.191816 -0.102894
3251 -0.141557 0.172629
3252 0.152729 0.170543
3253 0.190410 -0.126670
3254 -0.097644 -0.202614
3255 -0.206715 0.061930
3256 0.022186 0.207781
3257 0.206226 0.016276
3258 0.053136 -0.197131
3259 -0.187744 -0.089207
3260 -0.116088 0.173338
3261 0.151735 0.139435
3262 0.158311 -0.127146
3263 -0.099446 -0.170477
3264 -0.176816 0.067333
3265 0.032086 0.179104
3266 0.178762 0.003638
3267 0.038404 -0.174045
3268 -0.169344 -0.070222
3269 -0.094334 0.157636
3270 0.140474 0.116517
3271 0.134791 -0.120234
3272 -0.098457 -0.146417
3273 -0.151349 0.069390
3274 0.036922 0.157613
3275 0.161139 -0.007915
3276 0.017947 -0.158852
3277 -0.147342 -0.045056
3278 -0.074783 0.137700
3279 0.124913 0.095496
3280 0.115881 -0.105911
3281 -0.085808 -0.131132
3282 -0.144080 0.061434
3283 0.037051 0.154019
3284 0.159461 -0.012406
3285 0.011581 -0.160831
3286 -0.158061 -0.036454
3287 -0.056926 0.152863
3288 0.140214 0.076735
3289 0.094913 -0.123876
3290 -0.103074 -0.113782
3291 -0.132927 0.082870
3292 0.071443 0.164632
3293 0.129166 -0.101503
3294 -0.002154 -0.085174
3295 -0.138693 -0.040874
3296 -0.052152 0.142599
3297 0.134933 0.073510
3298 0.101216 -0.130654
3299 -0.124382 -0.112831
3300 -0.128112 0.106961
3301 0.092535 0.139617
3302 0.144806 -0.072935
3303 -0.052117 -0.149107
3304 -0.145565 0.029159
3305 0.002294 0.140057
3306 0.131349 0.025255
3307 0.055006 -0.122104
3308 -0.113917 -0.079627
3309 -0.099007 0.102464
3310 0.086162 0.114036
3311 0.126028 -0.067145
3312 -0.048012 -0.134690
3313 -0.133945 0.025127
3314 -0.002383 0.133376
3315 0.130255 0.029666
3316 0.053409 -0.126365
3317 -0.114814 -0.073450
3318 -0.093591 0.100365
3319 0.082085 0.108817
3320 0.122159 -0.060123
3321 -0.034661 -0.131962
3322 -0.141942 0.009739
3323 -0.012443 0.143166
3324 0.140116 0.038380
3325 0.061122 -0.132727
3326 -0.120584 -0.084511
3327 -0.107581 0.106574
3328 0.093379 0.120688
3329 0.132439 -0.065606
3330 -0.042382 -0.146883
3331 -0.154329 0.019191
3332 -0.003808 0.154507
3333 0.151896 0.029488
3334 0.052877 -0.142911
3335 -0.135133 -0.076514
3336 -0.092368 0.119761
3337 0.099578 0.109344
3338 0.124781 -0.080810
3339 -0.061009 -0.131926
3340 -0.136223 0.039832
3341 0.017539 0.129572
3342 0.094788 -0.029358
3343 0.154241 -0.011117
3344 -0.239284 -0.165720
3345 -0.059626 0.154527
3346 0.117225 0.096248
3347 0.113783 -0.093240
3348 -0.072583 -0.122479
3349 -0.128411 0.046846
3350 0.022553 0.133030
3351 0.133639 0.001731
3352 0.024010 -0.131580
3353 -0.124336 -0.043536
3354 -0.062736 0.113373
3355 0.098342 0.080896
3356 0.097511 -0.083810
3357 -0.066731 -0.110425
3358 -0.119956 0.047258
3359 0.033211 0.132406
3360 0.121619 -0.017549
3361 0.012397 -0.122013
3362 -0.119187 -0.030584
3363 -0.047530 0.110618
3364 0.097441 0.064147
3365 0.080255 -0.081762
3366 -0.066310 -0.094753
3367 -0.103461 0.053861
3368 0.028936 0.102453
3369 0.113440 -0.006303
3370 0.010313 -0.112973
3371 -0.110073 -0.031754
3372 -0.048617 0.107151
3373 0.097820 0.063293
3374 0.076553 -0.085282
3375 -0.069997 -0.089474
3376 -0.099260 0.054770
3377 0.037091 0.105456
3378 0.109144 -0.020188
3379 0.001060 -0.106980
3380 -0.110855 -0.019542
3381 -0.032505 0.103788
3382 0.093536 0.049863
3383 0.066562 -0.083254
3384 -0.071059 -0.079061
3385 -0.089378 0.056469
3386 0.038946 0.096341
3387 0.104684 -0.022612
3388 -0.008450 -0.105301
3389 -0.102595 -0.008783
3390 -0.026056 0.099514
3391 0.092051 0.039079
3392 0.054954 -0.080669
3393 -0.071070 -0.067474
3394 -0.077604 0.058906
3395 0.046377 0.082609
3396 0.085222 -0.032095
3397 -0.015590 -0.082241
3398 -0.079073 -0.003731
3399 -0.019983 0.075499
3400 0.066258 0.035950
3401 0.051832 -0.059088
3402 -0.050181 -0.063231
3403 -0.070722 0.040599
3404 0.027086 0.074026
3405 0.075503 -0.012129
3406 0.004213 -0.075549
3407 -0.073280 -0.018381
3408 -0.033225 0.069267
3409 0.064298 0.042982
3410 0.051859 -0.053817
3411 -0.042472 -0.060271
3412 -0.065204 0.030167
3413 0.012334 0.070504
3414 0.079757 0.003978
3415 0.014516 -0.092708
3416 -0.102101 -0.014740
3417 -0.008130 0.103271
3418 0.096293 -0.002130
3419 -0.012564 -0.076360
3420 -0.055455 0.021208
3421 0.017435 0.010318
3422 -0.001969 0.012559
3423 0.020068 0.008695
3424 0.014009 -0.028295
3425 -0.031386 -0.020390
3426 -0.023768 0.035246
3427 0.034695 0.024754
3428 0.025016 -0.030125
3429 -0.026066 -0.029663
3430 -0.028744 0.023580
3431 0.016146 0.029174
3432 0.031775 -0.009583
3433 -0.006607 -0.032336
3434 -0.030551 -0.000070
3435 -0.004090 0.026919
3436 0.021382 0.012884
3437 0.022693 -0.011709
3438 -0.005814 -0.044466
3439 -0.067098 0.015927
3440 0.031244 0.069634
3441 0.068476 -0.035533
3442 -0.033756 -0.065138
3443 -0.064947 0.030054
3444 0.023299 0.063557
3445 0.062488 -0.015906
3446 -0.007419 -0.062393
3447 -0.059727 -0.000273
3448 -0.009684 0.058316
3449 0.054818 0.016257
3450 0.023860 -0.049767
3451 -0.043204 -0.031049
3452 -0.037302 0.036892
3453 0.028223 0.042945
3454 0.048114 -0.020546
3455 -0.014002 -0.050908
3456 -0.049549 0.004128
3457 -0.004772 0.051657
3458 0.047392 0.011593
3459 0.022172 -0.043902
3460 -0.041992 -0.028842
3461 -0.032918 0.035794
3462 0.029814 0.038999
3463 0.040979 -0.023636
3464 -0.015630 -0.043691
3465 -0.045267 0.008620
3466 0.001813 0.044485
3467 0.043429 0.006288
3468 0.012040 -0.041823
3469 -0.038361 -0.017260
3470 -0.021060 0.032271
3471 0.026416 0.026399
3472 0.028797 -0.019889
3473 -0.011780 -0.031716
3474 -0.034106 0.006241
3475 -0.000331 0.031984
3476 0.030115 0.008946
3477 0.016285 -0.027665
3478 -0.022797 -0.024395
3479 -0.034360 0.019619
3480 0.018028 0.038287
3481 0.033866 -0.012303
3482 0.015258 -0.040904
3483 -0.062629 -0.006643
3484 -0.008885 0.053856
3485 0.056678 0.014217
3486 0.020437 -0.053982
3487 -0.054843 -0.029246
3488 -0.032806 0.056464
3489 0.053252 0.034352
3490 0.036377 -0.045644
3491 -0.035320 -0.041557
3492 -0.047444 0.030248
3493 -0.006425 0.102321
3494 0.101940 -0.168187
3495 -0.051721 0.078141
3496 -0.017676 -0.006170
3497 0.004701 0.019418
3498 0.016986 -0.004034
3499 0.004859 -0.011908
3500 -0.013292 -0.014120
3501 -0.016963 0.014702
3502 0.014133 0.017901
3503 0.016638 -0.011534
3504 -0.006723 -0.019211
3505 -0.020489 0.006340
3506 0.004771 0.020574
3507 0.020232 -0.004902
3508 -0.006278 -0.017486
3509 -0.012007 0.005052
3510 0.003003 0.009542
3511 0.004923 -0.003106
3512 0.001621 0.000014
3513 -0.001170 -0.006023
3514 -0.004515 0.002435
3515 -0.000468 0.002469
3516 0.002333 0.003450
3517 0.006583 -0.002515
3518 -0.002944 -0.007302
3519 -0.011148 0.001554
3520 0.005162 0.010808
3521 0.009711 -0.000909
3522 0.000713 -0.012070
3523 -0.015101 -0.003165
3524 -0.002174 0.016781
3525 0.015608 0.004909
3526 0.010509 -0.016118
3527 -0.018171 -0.019401
3528 -0.033589 0.028970
3529 0.056137 0.039133
3530 0.020727 -0.083965
3531 -0.094689 0.012928
3532 0.046628 0.074474
3533 0.049281 -0.050476
3534 -0.051506 -0.026109
3535 -0.010497 0.032543
3536 0.020305 0.011053
3537 0.010574 -0.013533
3538 -0.007210 -0.009991
3539 -0.009277 0.002040
3540 -0.003677 0.008254
3541 0.007595 0.007731
3542 0.015008 -0.008969
3543 -0.010896 -0.003529
3544 -0.017695 -0.007890
3545 0.008718 0.023013
3546 0.017666 -0.004177
3547 -0.003478 -0.016786
3548 -0.011757 -0.002082
3549 -0.008929 0.011356
3550 0.009429 0.012248
3551 0.015868 -0.007290
3552 -0.003177 -0.018049
3553 -0.021587 0.000072
3554 -0.002144 0.021701
3555 0.018573 0.008586
3556 0.014758 -0.020357
3557 -0.016340 -0.017407
3558 -0.023585 0.011573
3559 0.005163 0.029042
3560 0.037666 0.000278
3561 0.002086 -0.043428
3562 -0.045325 -0.004685
3563 -0.006675 0.043920
3564 0.036338 0.013076
3565 0.024319 -0.030782
3566 -0.025264 -0.036190
3567 -0.050027 0.024065
3568 0.024625 0.055841
3569 0.058863 -0.020205
3570 -0.013463 -0.059698
3571 -0.059729 0.001100
3572 -0.011371 0.063420
3573 0.064549 0.023339
3574 0.034614 -0.067409
3575 -0.066961 -0.042356
3576 -0.050467 0.063474
3577 0.059674 0.056531
3578 0.058892 -0.051759
3579 -0.039764 -0.061972
3580 -0.061422 0.028768
3581 0.007951 0.057683
3582 0.056337 0.012982
3583 0.035528 -0.057097
3584 -0.049632 -0.056310
3585 -0.084455 0.052114
3586 0.050249 0.095481
3587 0.109056 -0.036530
3588 -0.019679 -0.125467
3589 -0.144208 0.004251
3590 -0.005526 0.158521
3591 0.159561 0.012976
3592 0.027873 -0.151034
3593 -0.135160 -0.047816
3594 -0.075875 0.117674
3595 0.098249 0.101592
3596 0.130145 -0.075704
3597 -0.056015 -0.151733
3598 -0.164419 0.024447
3599 -0.013528 0.182829
3600 0.195431 0.046239
3601 0.076352 -0.201055
3602 -0.189239 -0.103385
3603 -0.140898 0.160759
3604 0.116973 0.186207
3605 0.245679 -0.089100
3606 -0.050372 -0.274853
3607 -0.313427 0.018550
3608 -0.013798 0.296414
3609 0.240991 0.120970
3610 0.219283 -0.252838
3611 -0.160676 -0.300089
3612 -0.494106 0.172953
3613 -0.188052 0.662447
3614 -0.113475 -0.781560
3615 4.771835 -0.166594
3616 -7.982735 -0.993986
3617 4.154374 4.394155
3618 1.772365 -3.603144
3619 -2.474337 -0.856487
3620 -0.769938 1.594229
3621 1.077544 1.040851
3622 1.252934 -0.904948
3623 -0.774637 -1.300930
3624 -1.275856 0.603114
3625 0.368076 1.237592
3626 1.222792 -0.110992
3627 0.136531 -1.224891
3628 -1.217032 -0.355885
3629 -0.559681 1.176692
3630 1.093100 0.743332
3631 0.924768 -0.962569
3632 -0.796723 -1.116006
3633 -1.309738 0.594658
3634 0.353142 1.476492
3635 1.605201 -0.046104
3636 0.324613 -1.749925
3637 -1.899725 -0.772497
3638 -1.353984 1.984632
3639 2.003938 2.057583
3640 2.979138 -1.906151
3641 -1.884625 -4.556596
3642 -7.975601 1.608536
3643 -1.988409 17.891789
3644 35.012183 -45.026372
3645 -41.097692 45.753464
3646 17.880534 -12.653141
3647 -0.618433 -4.932875
3648 -2.982518 -0.807136
3649 -1.251771 2.282310
3650 1.681908 1.344616
3651 1.389370 -1.042870
3652 -0.591537 -1.330149
3653 -1.222221 0.255585
3654 -0.011232 1.092825
3655 0.972548 0.257013
3656 0.437504 -0.821815
3657 -0.675638 -0.587757
3658 -0.672521 0.547796
3659 0.402243 0.721781
3660 0.753299 -0.251556
3661 -0.111768 -0.762132
3662 -0.735142 -0.004772
3663 -0.128258 0.688591
3664 0.633538 0.238444
3665 0.331110 -0.579174
3666 -0.484014 -0.384757
3667 -0.472405 0.402614
3668 0.335756 0.496759
3669 0.514310 -0.244072
3670 -0.156140 -0.516614
3671 -0.499663 0.072498
3672 -0.009632 0.467709
3673 0.419843 0.089131
3674 0.169854 -0.363402
3675 -0.307294 -0.241163
3676 -0.298172 0.245993
3677 0.183935 0.345360
3678 0.375184 -0.120264
3679 -0.054263 -0.393460
3680 -0.397781 -0.008054
3681 -0.067751 0.388583
3682 0.368380 0.127825
3683 0.180158 -0.342360
3684 -0.305109 -0.225665
3685 -0.265267 0.262813
3686 0.218257 0.297664
3687 0.314424 -0.173529
3688 -0.118981 -0.323077
3689 -0.324969 0.067340
3690 0.019857 0.318048
3691 0.299766 0.025691
3692 0.063856 -0.278912
3693 -0.244337 -0.088066
3694 -0.006071 0.081749
3695 -0.137096 0.483502
3696 0.465615 -0.379202
3697 -0.193748 -0.220063
3698 -0.252518 0.104153
3699 0.044436 0.260121
3700 0.256525 0.006225
3701 0.052947 -0.249660
3702 -0.236995 -0.088459
3703 -0.120751 0.211329
3704 0.176205 0.152969
3705 0.187967 -0.142388
3706 -0.108382 -0.210599
3707 -0.233029 0.069955
3708 0.037610 0.243034
3709 0.247034 0.001486
3710 0.035085 -0.241670
3711 -0.229943 -0.073225
3712 -0.104002 0.211968
3713 0.184037 0.139553
3714 0.170082 -0.159100
3715 -0.127875 -0.195497
3716 -0.213900 0.095557
3717 0.060815 0.226688
3718 0.230894 -0.026532
3719 0.009434 -0.223253
3720 -0.211591 -0.052032
3721 -0.088351 0.198227
3722 0.174755 0.122764
3723 0.155696 -0.150425
3724 -0.122894 -0.180398
3725 -0.197971 0.090355
3726 0.057342 0.208858
3727 0.205639 -0.003929
3728 0.026684 -0.235421
3729 -0.204749 -0.043570
3730 -0.086103 0.187047
3731 0.166082 0.116068
3732 0.141645 -0.138965
3733 -0.110446 -0.164007
3734 -0.177146 0.075883
3735 0.037925 0.189194
3736 0.198758 -0.002731
3737 0.025550 -0.192320
3738 -0.186563 -0.068979
3739 -0.091429 0.182028
3740 0.159931 0.113199
3741 0.137173 -0.134228
3742 -0.106634 -0.156466
3743 -0.178630 0.077950
3744 0.060142 0.189708
3745 0.189809 -0.035706
3746 -0.015839 -0.184405
3747 -0.168027 -0.007711
3748 -0.030344 0.148260
3749 0.122132 0.054014
3750 0.077572 -0.097149
3751 -0.070420 -0.093585
3752 -0.109375 0.040160
3753 0.013573 0.121954
3754 0.132816 0.014703
3755 0.015972 -0.156871
3756 -0.116316 0.035733
3757 0.015398 -0.041585
3758 -0.136273 0.202260
3759 0.355695 -0.014330
3760 -0.120313 -0.304300
3761 -0.250103 0.124632
3762 0.104627 0.209520
3763 0.179425 -0.064506
3764 -0.024571 -0.167635
3765 -0.148926 -0.002405
3766 -0.041090 0.119334
3767 0.100139 0.101394
3768 0.142702 -0.124537
3769 -0.132597 -0.135941
3770 -0.122934 0.109856
3771 0.072877 0.120087
3772 0.123520 -0.036210
3773 -0.002372 -0.127143
3774 -0.130920 -0.028276
3775 -0.052223 0.128631
3776 0.122297 0.077874
3777 0.096773 -0.115473
3778 -0.098966 -0.110758
3779 -0.130016 0.079563
3780 0.063193 0.142909
3781 0.153191 -0.044778
3782 -0.024708 -0.153247
3783 -0.155653 -0.002527
3784 -0.023566 0.157265
3785 0.150729 0.042306
3786 0.062510 -0.142172
3787 -0.129813 -0.078257
3788 -0.107564 0.111182
3789 0.123660 0.107076
3790 0.098075 -0.066712
3791 -0.040601 -0.128652
3792 -0.135296 0.022074
3793 -0.002572 0.129451
3794 0.090874 0.013116
3795 0.179997 -0.103552
3796 -0.246608 -0.071616
3797 -0.049656 0.109992
3798 0.092500 0.095256
3799 0.113019 -0.072592
3800 -0.047978 -0.122653
3801 -0.127899 0.024279
3802 -0.001040 0.130237
3803 0.125918 0.024895
3804 0.049208 -0.119961
3805 -0.107709 -0.068380
3806 -0.089064 0.092438
3807 0.076163 0.104291
3808 0.116176 -0.054340
3809 -0.032534 -0.128178
3810 -0.134821 0.012671
3811 -0.006491 0.134615
3812 0.129238 0.027509
3813 0.049435 -0.119304
3814 -0.111310 -0.071406
3815 -0.084376 0.100094
3816 0.083405 0.098440
3817 0.107188 -0.068844
3818 -0.050198 -0.111369
3819 -0.113680 0.029643
3820 0.010823 0.114515
3821 0.110550 0.007208
3822 0.025212 -0.104386
3823 -0.096911 -0.042638
3824 -0.055486 0.088721
3825 0.074774 0.067610
3826 0.079875 -0.062301
3827 -0.048487 -0.087438
3828 -0.094966 0.031751
3829 0.016711 0.099220
3830 0.103422 0.001334
3831 0.015147 -0.105965
3832 -0.104628 -0.026582
3833 -0.038257 0.096252
3834 0.084893 0.051302
3835 0.066775 -0.070422
3836 -0.051972 -0.083445
3837 -0.107113 0.039436
3838 0.031068 0.120447
3839 0.137107 -0.034889
3840 -0.023258 -0.103391
3841 -0.124485 -0.023806
3842 -0.025409 0.132767
3843 0.127549 0.038850
3844 0.053473 -0.121346
3845 -0.111025 -0.059587
3846 -0.066410 0.091463
3847 0.067551 0.071587
3848 0.081725 -0.041364
3849 -0.019616 -0.097067
3850 -0.085471 0.027846
3851 -0.028248 0.063178
3852 0.083064 0.046302
3853 0.061618 -0.075449
3854 -0.064536 -0.072072
3855 -0.082632 0.044040
3856 0.020831 0.095703
3857 0.107978 -0.000805
3858 0.015844 -0.113258
3859 -0.113230 -0.034193
3860 -0.049200 0.109372
3861 0.098471 0.067501
3862 0.083091 -0.090504
3863 -0.076679 -0.092660
3864 -0.100459 0.058721
3865 0.037492 0.106994
3866 0.111330 -0.020126
3867 -0.000514 -0.103573
3868 -0.091646 -0.017885
3869 -0.026722 0.038942
3870 -0.073247 0.219016
3871 0.380215 -0.261222
3872 -0.311570 -0.056919
3873 -0.049322 0.144328
3874 0.098807 0.079225
3875 0.100381 -0.067798
3876 -0.050783 -0.113016
3877 -0.112363 0.033914
3878 0.012037 0.104297
3879 0.101677 0.011897
3880 0.029818 -0.092602
3881 -0.085112 -0.049775
3882 -0.063434 0.075737
3883 0.065913 0.074099
3884 0.077495 -0.050848
3885 -0.030318 -0.086351
3886 -0.092219 0.018282
3887 0.003297 0.092538
3888 0.089101 0.008561
3889 0.021347 -0.080206
3890 -0.070364 -0.031694
3891 -0.047862 0.046067
3892 0.047093 0.072836
3893 0.073575 -0.042734
3894 -0.039240 -0.076646
3895 -0.052925 0.000558
3896 -0.017343 0.122572
3897 0.084526 -0.026605
3898 0.010655 -0.065600
3899 -0.061990 -0.025348
3900 -0.038101 0.059186
3901 0.055985 0.043289
3902 0.046335 -0.047963
3903 -0.037522 -0.048530
3904 -0.047867 0.026037
3905 0.010668 0.050595
3906 0.051822 0.000545
3907 0.013122 -0.052425
3908 -0.053577 -0.023927
3909 -0.030748 0.054060
3910 0.051883 0.032181
3911 0.025474 -0.022917
3912 -0.013760 -0.075669
3913 -0.059159 0.040911
3914 0.022218 0.051660
3915 0.050946 -0.012283
3916 -0.003024 -0.047670
3917 -0.041795 -0.011075
3918 -0.029402 0.037591
3919 0.037333 0.044259
3920 0.056569 -0.035855
3921 -0.035777 -0.064383
3922 -0.058427 0.035085
3923 0.010861 0.038570
3924 0.034743 0.047173
3925 0.107396 -0.077473
3926 -0.146397 -0.130230
3927 -0.108143 0.206245
3928 0.236799 0.060896
3929 -0.002302 -0.222197
3930 -0.161407 0.036639
3931 0.027869 0.093634
3932 0.047006 0.005972
3933 0.042647 -0.022467
3934 -0.012843 -0.071946
3935 -0.088323 0.016062
3936 0.013973 0.085840
3937 0.081077 -0.010467
3938 0.002937 -0.061979
3939 -0.055312 -0.024652
3940 -0.040526 0.050380
3941 0.052070 0.056021
3942 0.045408 -0.050097
3943 -0.028106 -0.061123
3944 -0.062413 0.027746
3945 0.011663 0.069636
3946 0.079290 -0.009373
3947 -0.007625 -0.067789
3948 -0.063696 -0.009859
3949 -0.022326 0.059342
3950 0.054331 0.034005
3951 0.057556 -0.051733
3952 -0.064554 -0.060472
3953 -0.058098 0.057944
3954 0.049363 0.057769
3955 0.058023 -0.035977
3956 -0.021596 -0.061134
3957 -0.064056 0.004268
3958 -0.010392 0.075714
3959 0.083955 0.012833
3960 0.014698 -0.081171
3961 -0.075781 -0.017574
3962 -0.024791 0.063418
3963 0.056403 0.032311
3964 0.037584 -0.043837
3965 -0.030691 -0.043682
3966 -0.051773 0.018242
3967 0.008981 0.055606
3968 0.055864 0.001130
3969 0.011844 -0.053681
3970 -0.051162 -0.023316
3971 -0.031128 0.047072
3972 0.024188 0.035790
3973 0.079358 -0.021680
3974 -0.032818 -0.056215
3975 -0.064234 -0.000989
3976 -0.008737 0.072829
3977 0.075668 0.015269
3978 0.021919 -0.072024
3979 -0.065655 -0.027474
3980 -0.036477 0.052174
3981 0.036992 0.050175
3982 0.062036 0.033363
3983 -0.045990 -0.289531
3984 -0.050640 0.255355
3985 0.045457 0.005248
3986 0.052776 -0.041327
3987 -0.027905 -0.058144
3988 -0.059090 0.016461
3989 0.006189 0.054996
3990 0.051611 0.003695
3991 0.011913 -0.044163
3992 -0.037754 -0.027550
3993 -0.019987 0.052756
3994 0.008139 0.005798
3995 0.041757 0.000826
3996 0.001458 -0.040349
3997 -0.041410 -0.011449
3998 -0.018991 0.039092
3999 0.033207 0.028100
4000 0.036985 -0.026017
4001 -0.018107 -0.045225
4002 -0.051176 0.008437
4003 -0.000249 0.058194
4004 0.057851 0.006551
4005 0.017971 -0.054461
4006 -0.052781 -0.029589
4007 -0.038118 0.049049
4008 0.043972 0.043090
4009 0.048656 -0.032132
4010 -0.025481 -0.052775
4011 -0.052648 0.009621
4012 -0.006571 0.059255
4013 0.062111 0.016927
4014 0.033106 -0.058403
4015 -0.058327 -0.046210
4016 -0.057901 0.052349
4017 0.049378 0.068326
4018 0.074831 -0.043379
4019 -0.039588 -0.080772
4020 -0.079865 0.035508
4021 0.025976 0.075123
4022 0.069252 -0.015026
4023 0.004374 -0.062980
4024 -0.064057 -0.019864
4025 -0.033929 0.062900
4026 0.062351 0.043734
4027 0.055627 -0.058934
4028 -0.063543 -0.057900
4029 -0.049147 0.049152
4030 0.028751 0.053497
4031 0.057912 -0.011112
4032 0.004646 -0.065997
4033 -0.070735 -0.020343
4034 -0.014416 0.085446
4035 0.048931 0.021298
4036 0.054442 -0.053382
4037 -0.053685 -0.057657
4038 -0.050018 0.037607
4039 0.004442 0.057079
4040 0.068177 0.020099
4041 0.041824 -0.083190
4042 -0.089615 -0.055021
4043 -0.069331 0.091522
4044 0.102930 0.091175
4045 0.065987 -0.098694
4046 -0.055552 -0.088124
4047 -0.108467 0.038814
4048 0.014001 0.128769
4049 0.153625 0.005920
4050 0.024034 -0.167920
4051 -0.188943 -0.042411
4052 -0.048921 0.195134
4053 0.188910 0.063265
4054 0.080631 -0.179679
4055 -0.156802 -0.096357
4056 -0.124489 0.127997
4057 0.095290 0.158924
4058 0.204219 -0.070406
4059 -0.052300 -0.241745
4060 -0.264619 0.037709
4061 0.010253 0.266504
4062 0.248987 0.044163
4063 0.162776 -0.230564
4064 -0.234862 -0.317703
4065 -0.580062 0.376104
4066 0.637420 0.449249
4067 1.049549 0.103726
4068 -2.247469 -2.375488
4069 0.632445 3.263229
4070 1.513185 -1.468992
4071 -1.148215 -0.607098
4072 -0.247586 0.681106
4073 0.308860 0.159571
4074 0.210911 -0.074444
4075 0.050386 -0.281227
4076 -0.344160 -0.087900
4077 -0.089098 0.358244
4078 0.343151 0.073815
4079 0.067538 -0.293821
4080 -0.241527 -0.077348
4081 -0.094805 0.185313
4082 0.142832 0.130952
4083 0.150278 -0.123413
4084 -0.108537 -0.141034
4085 -0.126146 0.039967
4086 0.013518 0.166588
4087 0.139365 0.000235
4088 0.047731 -0.139392
4089 -0.143860 -0.066843
4090 -0.075291 0.129997
4091 0.111676 0.095085
4092 0.104631 -0.096244
4093 -0.072498 -0.109744
4094 -0.119499 0.046625
4095 0.034895 0.123336
