#125*10=1250hz
0 0.182220 
1 0.183049 
2 0.185382 
3 0.184187 
4 0.206618 
5 0.178658 
6 0.135668 
7 0.251193 
8 0.340652 
9 0.377992 
10 0.269035 
11 0.272839 
12 0.088075 
13 0.203473 
14 0.115275 
15 0.138859 
16 0.018600 
17 0.182936 
18 0.275523 
19 0.301049 
20 0.112788 
21 0.191047 
22 0.287706 
23 0.376760 
24 0.129190 
25 0.385207 
26 0.213710 
27 0.229187 
28 0.799985 
29 0.546924 
30 0.460499 
31 0.299041 
32 0.193459 
33 0.363770 
34 0.132515 
35 0.143913 
36 0.281029 
37 0.114011 
38 0.180673 
39 0.237496 
40 0.275442 
41 0.134237 
42 0.276304 
43 0.150656 
44 0.200960 
45 0.319039 
46 0.202393 
47 0.347864 
48 0.064854 
49 0.140984 
50 0.194028 
51 0.209772 
52 0.172748 
53 0.265643 
54 0.168066 
55 0.378986 
56 0.237461 
57 0.147052 
58 0.246310 
59 0.282042 
60 0.082238 
61 0.320816 
62 0.046598 
63 0.315517 
64 0.203159 
65 0.344717 
66 0.049523 
67 0.286362 
68 0.378579 
69 0.386651 
70 0.247935 
71 0.240595 
72 0.889897 
73 0.296716 
74 0.932394 
75 1.401160 
76 1.102062 
77 0.986635 
78 1.727326 
79 1.386209 
80 1.649767 
81 2.402277 
82 3.164564 
83 1.733449 
84 1.814949 
85 1.845629 
86 1.971667 
87 1.378037 
88 1.095429 
89 1.547333 
90 2.385817 
91 3.453042 
92 1.995433 
93 0.900759 
94 2.720928 
95 2.047357 
96 2.018726 
97 3.009800 
98 3.118184 
99 1.871940 
100 2.461417 
101 1.633733 
102 2.495918 
103 3.713097 
104 5.895194 
105 5.165572 
106 4.814184 
107 4.191875 
108 2.168880 
109 5.580673 
110 3.049079 
111 6.450099 
112 6.420829 
113 8.076971 
114 11.914628 
115 9.985165 
116 5.518664 
117 6.477666 
118 8.840812 
119 3.407807 
120 3.998000 
121 3.255456 
122 1.989056 
123 4.524269 
124 8.005779 
125 14.434459 
126 11.779459 
127 6.114093 
128 5.597104 
129 2.187064 
130 4.884786 
131 9.259072 
132 8.486735 
133 10.482934 
134 10.336237 
135 9.597555 
136 9.328594 
137 2.572024 
138 3.091496 
139 1.473992 
140 3.649736 
141 2.722006 
142 2.914633 
143 7.018220 
144 1.797205 
145 5.588890 
146 3.937491 
147 6.349238 
148 3.564240 
149 3.120709 
150 0.060050 
151 1.147640 
152 1.689282 
153 0.433891 
154 1.847810 
155 1.293150 
156 5.808574 
157 3.017800 
158 8.422027 
159 7.088575 
160 6.638115 
161 4.246400 
162 4.368254 
163 5.159452 
164 5.830668 
165 8.116731 
166 3.552878 
167 1.400658 
168 2.418170 
169 1.349477 
170 2.010638 
171 1.275411 
172 1.479907 
173 1.813218 
174 1.153011 
175 0.707198 
176 0.252756 
177 1.157638 
178 0.661295 
179 1.376698 
180 1.831066 
181 0.984289 
182 1.124903 
183 1.583793 
184 1.591431 
185 2.165552 
186 1.535760 
187 0.459498 
188 0.918811 
189 2.147888 
190 2.016013 
191 2.424475 
192 3.420386 
193 3.768885 
194 1.122344 
195 3.320271 
196 0.972532 
197 2.200335 
198 0.762341 
199 1.679615 
200 2.263274 
201 5.371518 
202 1.304796 
203 1.100665 
204 2.853687 
205 1.812217 
206 3.217277 
207 4.395311 
208 3.574525 
209 6.130654 
210 3.377121 
211 3.561384 
212 2.893657 
213 3.687629 
214 4.215483 
215 6.605087 
216 7.324698 
217 11.710671 
218 8.021464 
219 6.480400 
220 5.361163 
221 5.657197 
222 5.079262 
223 2.495314 
224 3.745891 
225 8.394991 
226 7.631414 
227 7.346497 
228 2.235244 
229 6.567131 
230 3.059418 
231 2.732165 
232 4.479811 
233 3.898665 
234 2.243920 
235 0.723403 
236 3.551275 
237 4.305201 
238 3.601088 
239 1.199099 
240 1.935804 
241 2.107161 
242 1.291144 
243 1.528010 
244 0.641692 
245 1.112695 
246 0.651303 
247 2.645674 
248 1.946919 
249 2.281770 
250 1.042319 
251 1.917542 
252 1.336119 
253 2.950782 
254 0.796850 
255 1.560076 
256 2.409220 
257 1.215648 
258 1.585074 
259 1.302422 
260 3.917532 
261 2.701709 
262 2.523784 
263 2.646659 
264 0.726883 
265 1.653016 
266 1.028838 
267 1.275242 
268 0.422499 
269 1.700095 
270 1.708439 
271 6.803089 
272 4.061556 
273 2.037905 
274 0.746108 
275 1.504174 
276 3.590318 
277 1.325348 
278 0.245489 
279 3.632585 
280 3.397839 
281 1.558522 
282 4.109470 
283 1.138863 
284 1.301656 
285 2.786780 
286 1.466812 
287 4.252773 
288 3.163566 
289 1.973067 
290 4.615762 
291 3.478591 
292 0.756851 
293 4.659177 
294 2.721200 
295 1.640350 
296 4.201691 
297 0.294873 
298 2.515160 
299 1.839885 
300 2.057482 
301 1.659485 
302 2.387099 
303 1.780759 
304 2.098450 
305 2.311563 
306 1.243532 
307 1.340252 
308 0.394310 
309 1.931364 
310 1.186989 
311 1.923746 
312 1.165910 
313 0.461023 
314 0.044166 
315 0.989614 
316 0.935933 
317 5.591669 
318 2.024329 
319 4.380601 
320 3.416173 
321 1.795679 
322 2.662592 
323 5.207478 
324 4.364567 
325 2.970186 
326 3.425807 
327 1.478240 
328 3.383435 
329 1.121996 
330 1.437265 
331 1.332921 
332 2.425876 
333 3.578924 
334 2.682154 
335 1.179582 
336 3.316817 
337 2.366572 
338 1.426082 
339 3.746260 
340 2.167328 
341 1.797383 
342 2.361125 
343 3.741694 
344 1.272734 
345 0.842116 
346 2.218994 
347 2.062125 
348 1.593368 
349 3.826120 
350 1.674263 
351 3.672829 
352 1.539345 
353 1.434118 
354 1.979486 
355 1.046148 
356 1.619423 
357 2.764118 
358 1.568985 
359 1.629904 
360 1.415304 
361 0.788128 
362 1.439855 
363 1.789744 
364 1.542319 
365 2.490110 
366 0.325788 
367 1.479175 
368 0.445415 
369 1.379523 
370 2.034826 
371 1.581028 
372 1.847159 
373 1.755965 
374 2.003084 
375 1.092782 
376 1.041688 
377 1.812591 
378 1.292130 
379 1.856021 
380 0.476553 
381 0.899961 
382 1.406352 
383 0.368057 
384 0.655315 
385 0.895374 
386 1.209182 
387 1.787574 
388 1.207273 
389 0.696308 
390 0.687468 
391 0.854816 
392 0.698242 
393 0.310708 
394 0.267636 
395 0.228064 
396 0.424559 
397 1.430311 
398 1.826957 
399 1.183071 
400 0.306595 
401 0.293783 
402 0.787227 
403 1.486477 
404 1.487912 
405 0.738318 
406 0.421821 
407 0.178959 
408 0.260914 
409 0.762099 
410 0.614627 
411 0.450889 
412 0.539170 
413 0.752957 
414 0.482814 
415 0.324772 
416 0.499686 
417 0.517455 
418 0.530344 
419 0.386644 
420 0.205930 
421 0.223043 
422 0.312237 
423 0.603242 
424 1.154949 
425 1.296180 
426 0.761970 
427 0.536290 
428 0.639040 
429 0.582715 
430 0.782761 
431 1.137288 
432 1.104052 
433 0.642174 
434 0.641700 
435 0.454000 
436 0.405156 
437 0.447555 
438 0.714470 
439 0.486036 
440 0.264075 
441 0.887820 
442 0.591547 
443 0.448912 
444 0.703949 
445 0.886558 
446 1.251637 
447 1.913151 
448 1.478941 
449 1.969612 
450 1.772302 
451 0.809035 
452 0.622313 
453 0.833337 
454 0.366129 
455 1.054979 
456 1.523057 
457 2.126140 
458 2.324350 
459 1.232405 
460 1.346419 
461 1.603082 
462 1.501046 
463 0.969797 
464 2.197259 
465 1.283636 
466 0.619486 
467 1.387272 
468 0.206624 
469 1.662101 
470 1.852468 
471 2.441157 
472 2.720593 
473 1.392240 
474 0.990547 
475 0.817568 
476 0.760930 
477 0.683765 
478 1.833110 
479 1.668450 
480 0.882323 
481 1.779885 
482 2.641958 
483 2.313287 
484 2.725575 
485 2.100680 
486 1.819314 
487 1.797822 
488 0.981186 
489 0.488132 
490 0.975493 
491 2.970927 
492 4.570251 
493 2.321173 
494 2.435817 
495 3.089185 
496 2.894209 
497 1.785640 
498 1.226189 
499 1.740306 
500 1.769912 
501 1.279607 
502 1.633673 
503 2.201504 
504 2.171913 
505 2.240682 
506 1.664294 
507 2.024534 
508 3.678729 
509 4.171594 
510 2.300200 
511 2.005277 
512 1.134468 
513 1.372716 
514 1.470564 
515 1.305946 
516 1.093830 
517 0.649986 
518 1.680335 
519 1.209488 
520 3.901649 
521 2.864450 
522 1.132948 
523 0.473794 
524 1.360549 
525 3.797732 
526 3.445058 
527 1.499079 
528 0.507561 
529 0.740838 
530 2.078703 
531 4.068693 
532 3.474471 
533 1.910539 
534 1.679710 
535 1.775741 
536 1.003695 
537 1.394977 
538 3.294719 
539 3.638487 
540 4.315593 
541 3.359730 
542 2.196762 
543 1.273508 
544 1.674621 
545 1.109062 
546 1.063374 
547 2.565566 
548 2.091350 
549 0.303789 
550 0.783957 
551 1.171614 
552 0.641945 
553 0.527061 
554 1.604506 
555 2.591913 
556 1.722852 
557 1.485694 
558 0.764446 
559 0.903203 
560 1.083738 
561 0.396499 
562 1.171827 
563 0.712220 
564 1.479211 
565 1.387704 
566 0.808773 
567 1.394808 
568 2.975365 
569 2.916022 
570 1.943320 
571 0.626037 
572 0.366024 
573 1.282342 
574 1.230164 
575 0.842516 
576 0.410934 
577 2.185433 
578 2.855127 
579 1.226830 
580 1.502496 
581 2.476194 
582 0.562934 
583 1.525062 
584 1.620661 
585 0.377182 
586 2.623508 
587 3.513980 
588 2.729948 
589 2.195178 
590 2.419674 
591 1.957875 
592 1.028369 
593 1.879636 
594 2.343151 
595 3.358195 
596 3.537902 
597 2.125160 
598 0.533758 
599 1.630204 
600 1.939890 
601 0.947400 
602 2.729654 
603 5.746805 
604 5.262045 
605 3.535831 
606 2.226288 
607 3.432041 
608 2.897192 
609 4.003449 
610 2.227405 
611 0.599470 
612 2.528156 
613 1.823753 
614 0.568822 
615 0.730194 
616 1.550555 
617 1.232372 
618 2.281665 
619 2.076614 
620 1.097581 
621 0.572332 
622 0.647019 
623 1.371372 
624 0.948982 
625 4.071004 
626 2.319253 
627 1.605049 
628 1.703379 
629 1.770584 
630 2.345589 
631 2.083842 
632 3.159998 
633 1.588806 
634 0.989796 
635 3.614610 
636 3.516116 
637 2.819191 
638 2.497287 
639 2.455120 
640 1.652967 
641 3.881905 
642 0.938793 
643 0.506910 
644 0.276618 
645 1.570864 
646 2.446717 
647 2.813532 
648 0.638307 
649 0.724298 
650 1.935786 
651 1.934469 
652 3.070603 
653 3.281819 
654 2.073497 
655 1.573186 
656 1.419254 
657 0.766264 
658 1.966695 
659 2.459617 
660 1.061087 
661 2.423279 
662 1.318348 
663 1.293162 
664 3.105796 
665 3.994396 
666 4.253807 
667 1.291341 
668 4.541672 
669 3.753213 
670 2.249061 
671 3.149881 
672 1.862854 
673 0.466765 
674 0.652939 
675 0.480415 
676 0.527879 
677 2.197502 
678 4.250638 
679 3.026532 
680 3.368870 
681 0.769175 
682 0.715726 
683 3.768533 
684 0.961079 
685 3.982218 
686 1.631271 
687 2.111889 
688 1.453907 
689 2.494231 
690 1.763372 
691 1.685693 
692 3.347489 
693 2.502513 
694 3.339539 
695 1.392469 
696 3.677469 
697 1.830854 
698 0.722891 
699 1.014151 
700 1.037141 
701 2.586039 
702 2.646370 
703 1.670996 
704 0.173236 
705 1.056365 
706 1.685782 
707 1.807057 
708 1.611047 
709 0.515131 
710 1.191513 
711 0.754234 
712 1.378924 
713 0.715501 
714 1.202600 
715 0.989355 
716 1.381510 
717 0.925335 
718 2.473122 
719 1.491633 
720 1.125212 
721 1.179068 
722 0.215728 
723 2.542978 
724 3.642158 
725 1.998953 
726 0.135198 
727 1.711719 
728 3.177525 
729 2.208692 
730 1.849956 
731 1.631257 
732 0.778907 
733 1.981943 
734 0.328387 
735 1.244503 
736 1.553276 
737 0.502773 
738 1.306420 
739 2.569423 
740 2.556291 
741 1.327063 
742 1.589331 
743 0.879670 
744 0.179321 
745 0.661380 
746 0.755810 
747 1.518442 
748 1.192791 
749 1.300712 
750 1.379372 
751 2.568048 
752 1.232432 
753 0.922487 
754 0.469244 
755 1.709873 
756 1.478915 
757 1.189992 
758 0.893053 
759 0.515014 
760 1.041741 
761 1.813406 
762 0.439128 
763 1.736146 
764 1.267709 
765 0.430585 
766 0.715262 
767 0.492828 
768 0.722342 
769 1.054651 
770 1.240760 
771 0.977069 
772 0.745734 
773 0.788678 
774 0.802279 
775 0.584284 
776 1.855078 
777 0.840491 
778 1.499738 
779 1.657102 
780 0.380598 
781 1.374480 
782 0.935579 
783 1.434108 
784 4.284855 
785 3.407529 
786 2.174398 
787 2.320311 
788 2.105568 
789 2.548191 
790 1.998463 
791 4.050757 
792 3.334751 
793 5.087712 
794 0.618420 
795 1.816183 
796 3.054970 
797 3.824903 
798 2.554571 
799 5.458552 
800 2.645496 
801 2.109802 
802 1.855942 
803 1.646412 
804 1.496630 
805 0.353473 
806 3.512762 
807 0.578523 
808 2.353576 
809 2.587308 
810 0.855657 
811 1.530863 
812 0.127068 
813 3.729201 
814 4.384654 
815 2.262778 
816 1.600681 
817 2.357418 
818 2.477099 
819 4.500780 
820 7.602732 
821 3.107167 
822 5.250571 
823 2.569987 
824 4.126876 
825 4.832384 
826 4.003388 
827 6.494587 
828 3.871676 
829 2.468926 
830 7.175277 
831 5.173871 
832 6.503631 
833 7.873731 
834 5.911381 
835 4.548079 
836 5.087600 
837 2.710813 
838 0.690749 
839 0.382499 
840 1.923629 
841 1.781784 
842 2.213478 
843 1.284836 
844 3.345217 
845 3.310402 
846 4.630034 
847 3.212096 
848 3.144263 
849 2.305891 
850 0.247444 
851 3.174308 
852 6.641382 
853 1.148087 
854 3.911019 
855 2.367121 
856 4.253565 
857 3.710275 
858 3.461839 
859 1.663722 
860 4.786438 
861 6.657666 
862 1.067055 
863 5.184360 
864 2.174588 
865 5.757575 
866 4.745476 
867 1.619243 
868 1.945213 
869 1.776957 
870 1.826900 
871 1.333088 
872 2.619330 
873 0.785741 
874 2.614579 
875 0.216253 
876 2.565784 
877 6.545354 
878 5.074523 
879 3.579382 
880 0.989197 
881 2.293614 
882 0.796945 
883 1.562931 
884 0.320399 
885 1.166270 
886 1.023825 
887 0.645825 
888 2.307793 
889 0.690160 
890 1.657024 
891 1.849039 
892 0.764332 
893 1.322359 
894 1.542117 
895 1.033094 
896 2.428838 
897 0.967301 
898 0.911599 
899 2.202244 
900 2.022474 
901 0.994390 
902 2.439538 
903 0.522201 
904 5.776353 
905 2.297886 
906 5.848881 
907 0.952482 
908 2.691868 
909 0.724892 
910 2.548759 
911 1.018883 
912 2.084451 
913 0.737065 
914 1.898837 
915 0.914702 
916 2.400041 
917 1.975545 
918 2.580876 
919 2.220929 
920 2.201831 
921 0.850340 
922 2.505079 
923 1.187564 
924 2.853654 
925 0.423064 
926 3.584123 
927 2.875048 
928 1.145615 
929 1.397421 
930 1.749139 
931 2.952235 
932 3.844527 
933 1.542036 
934 0.340999 
935 3.654251 
936 3.332128 
937 1.628108 
938 2.412238 
939 2.396527 
940 2.200405 
941 1.861654 
942 3.057671 
943 3.578939 
944 0.693398 
945 1.021489 
946 0.379188 
947 2.861342 
948 1.517665 
949 1.875111 
950 1.513426 
951 2.937735 
952 1.104923 
953 2.690674 
954 3.561519 
955 1.855484 
956 3.065060 
957 3.899425 
958 0.667694 
959 2.843878 
960 0.338900 
961 1.484243 
962 4.126884 
963 1.846011 
964 1.689391 
965 1.416541 
966 1.107608 
967 1.299646 
968 2.058577 
969 1.181019 
970 0.887873 
971 0.209934 
972 4.657842 
973 1.286047 
974 2.066870 
975 0.589223 
976 1.631313 
977 2.717601 
978 2.398731 
979 3.457739 
980 2.839543 
981 3.057870 
982 1.911332 
983 0.730607 
984 0.588147 
985 2.909140 
986 1.471308 
987 4.410536 
988 4.483359 
989 3.051750 
990 1.603504 
991 1.380393 
992 3.522428 
993 2.602987 
994 2.096648 
995 1.579995 
996 4.847153 
997 3.078980 
998 3.008939 
999 1.430565 
1000 4.510491 
1001 5.169688 
1002 2.878362 
1003 2.321861 
1004 1.853930 
1005 1.012121 
1006 0.876119 
1007 1.536142 
1008 5.133669 
1009 5.350840 
1010 1.730247 
1011 3.310009 
1012 1.965889 
1013 2.882415 
1014 7.357301 
1015 1.228223 
1016 4.978697 
1017 3.176443 
1018 0.750161 
1019 4.691101 
1020 4.735254 
1021 2.889509 
1022 0.922843 
1023 3.528451 
1024 5.413715 
1025 2.737804 
1026 5.968383 
1027 3.807912 
1028 2.358093 
1029 5.348215 
1030 8.387827 
1031 9.174455 
1032 3.513738 
1033 1.992677 
1034 7.437773 
1035 2.942364 
1036 3.735870 
1037 3.698133 
1038 2.009839 
1039 3.930443 
1040 3.569277 
1041 2.343339 
1042 1.573377 
1043 0.619868 
1044 2.682361 
1045 6.534891 
1046 3.647375 
1047 0.845568 
1048 3.162478 
1049 2.618780 
1050 3.265720 
1051 2.341783 
1052 3.215353 
1053 3.439774 
1054 9.814367 
1055 2.744275 
1056 8.391746 
1057 3.185941 
1058 4.113498 
1059 2.103931 
1060 11.125925 
1061 1.046644 
1062 10.422897 
1063 4.292821 
1064 10.185731 
1065 13.916265 
1066 5.415737 
1067 7.265213 
1068 7.367009 
1069 4.859073 
1070 8.163078 
1071 7.934193 
1072 11.048410 
1073 6.052516 
1074 2.659560 
1075 8.728045 
1076 2.810991 
1077 3.007490 
1078 4.128651 
1079 6.788870 
1080 13.538165 
1081 7.277606 
1082 5.686681 
1083 5.960179 
1084 5.981394 
1085 1.684234 
1086 2.103711 
1087 5.839448 
1088 17.219451 
1089 11.187913 
1090 11.235959 
1091 13.457876 
1092 2.704127 
1093 6.973718 
1094 8.938245 
1095 9.239435 
1096 6.385272 
1097 7.621593 
1098 3.521148 
1099 3.167475 
1100 10.132439 
1101 11.790967 
1102 5.066211 
1103 5.298184 
1104 7.652700 
1105 5.047610 
1106 3.510840 
1107 7.040270 
1108 11.841216 
1109 6.702776 
1110 4.897481 
1111 15.599819 
1112 9.072656 
1113 5.992481 
1114 6.119597 
1115 8.294886 
1116 3.534683 
1117 9.426753 
1118 4.090222 
1119 5.322958 
1120 4.977976 
1121 7.071733 
1122 5.019846 
1123 6.036434 
1124 8.557234 
1125 7.054747 
1126 12.638390 
1127 7.573851 
1128 4.666088 
1129 3.675733 
1130 4.558956 
1131 4.213428 
1132 5.912987 
1133 7.922780 
1134 9.142351 
1135 4.183038 
1136 11.650894 
1137 10.308273 
1138 14.326809 
1139 4.177515 
1140 10.949233 
1141 7.003922 
1142 6.434401 
1143 4.025920 
1144 8.688710 
1145 14.128667 
1146 5.280135 
1147 10.557489 
1148 14.892860 
1149 2.295633 
1150 10.312742 
1151 9.420029 
1152 2.142069 
1153 5.092541 
1154 10.360361 
1155 8.608289 
1156 9.570279 
1157 18.886424 
1158 6.146896 
1159 9.729410 
1160 6.739040 
1161 6.768657 
1162 13.018330 
1163 2.787804 
1164 12.973931 
1165 3.874242 
1166 1.842238 
1167 5.745417 
1168 4.024147 
1169 4.714006 
1170 5.832611 
1171 6.301460 
1172 2.933998 
1173 3.954810 
1174 6.322425 
1175 5.107218 
1176 1.770517 
1177 4.902857 
1178 5.725412 
1179 5.247681 
1180 15.896473 
1181 6.150457 
1182 8.536509 
1183 4.866223 
1184 4.079431 
1185 4.196150 
1186 2.708808 
1187 9.727210 
1188 6.823622 
1189 13.278536 
1190 12.406000 
1191 4.433298 
1192 8.463964 
1193 7.256094 
1194 4.128136 
1195 9.639606 
1196 6.819119 
1197 2.205758 
1198 1.957202 
1199 1.811198 
1200 8.279098 
1201 2.193795 
1202 8.829553 
1203 5.137041 
1204 5.528393 
1205 5.159857 
1206 1.743274 
1207 9.860475 
1208 4.598710 
1209 8.752285 
1210 7.312775 
1211 2.235881 
1212 3.230942 
1213 3.303859 
1214 12.041275 
1215 10.099137 
1216 8.865959 
1217 3.621377 
1218 7.338906 
1219 3.919303 
1220 2.709048 
1221 1.491946 
1222 6.598642 
1223 10.292407 
1224 6.618682 
1225 6.978423 
1226 4.920925 
1227 13.657824 
1228 6.374772 
1229 8.729105 
1230 6.111637 
1231 4.055949 
1232 4.529583 
1233 6.226253 
1234 8.592606 
1235 3.542628 
1236 3.341624 
1237 1.230687 
1238 2.908454 
1239 1.774672 
1240 1.555083 
1241 3.534006 
1242 0.370923 
1243 3.128859 
1244 0.787148 
1245 5.249244 
1246 1.707626 
1247 7.765330 
1248 4.113228 
1249 7.322257 
1250 4.858150 
1251 1.380038 
1252 2.112378 
1253 1.562954 
1254 5.295948 
1255 7.031554 
1256 8.145372 
1257 9.409385 
1258 5.430812 
1259 6.324692 
1260 2.885971 
1261 2.193046 
1262 6.486220 
1263 11.008618 
1264 4.500265 
1265 7.651868 
1266 5.944370 
1267 3.258049 
1268 3.920898 
1269 6.140831 
1270 3.615756 
1271 5.482397 
1272 4.836546 
1273 1.100063 
1274 4.827490 
1275 0.785613 
1276 1.640273 
1277 3.574502 
1278 7.727411 
1279 8.119065 
1280 7.702803 
1281 9.304260 
1282 3.343010 
1283 9.750128 
1284 0.864906 
1285 1.286662 
1286 7.456633 
1287 5.901485 
1288 9.588780 
1289 8.785277 
1290 6.312113 
1291 7.253400 
1292 8.431818 
1293 4.864095 
1294 3.466452 
1295 4.118467 
1296 2.268441 
1297 6.315326 
1298 11.318296 
1299 5.081001 
1300 8.029330 
1301 2.488780 
1302 3.281816 
1303 2.289198 
1304 2.854493 
1305 9.358238 
1306 8.777937 
1307 9.483988 
1308 2.130912 
1309 2.912884 
1310 12.699741 
1311 11.502835 
1312 6.873320 
1313 12.039526 
1314 2.403129 
1315 6.986941 
1316 10.030701 
1317 13.860481 
1318 7.724157 
1319 8.185219 
1320 14.710437 
1321 17.568498 
1322 10.304010 
1323 8.594403 
1324 3.378325 
1325 0.967243 
1326 6.112573 
1327 11.598246 
1328 13.172407 
1329 11.727546 
1330 5.685915 
1331 3.045247 
1332 2.207024 
1333 4.437819 
1334 5.609882 
1335 2.743595 
1336 7.019786 
1337 4.076831 
1338 13.991325 
1339 7.770363 
1340 11.252841 
1341 7.730866 
1342 11.477007 
1343 8.587229 
1344 9.935723 
1345 3.848291 
1346 6.777999 
1347 7.010832 
1348 8.625890 
1349 4.672753 
1350 1.066928 
1351 8.064589 
1352 8.608111 
1353 9.870597 
1354 3.277926 
1355 6.989108 
1356 5.892586 
1357 2.495734 
1358 15.902737 
1359 17.150303 
1360 13.001707 
1361 6.370655 
1362 2.003283 
1363 4.975686 
1364 9.171968 
1365 2.912614 
1366 3.511050 
1367 4.182227 
1368 4.605737 
1369 7.747113 
1370 7.723121 
1371 4.027939 
1372 5.635836 
1373 12.731711 
1374 12.613901 
1375 7.728693 
1376 4.635253 
1377 0.694277 
1378 3.726581 
1379 2.146948 
1380 4.191202 
1381 5.218060 
1382 3.699613 
1383 2.755108 
1384 4.925846 
1385 8.408978 
1386 5.573003 
1387 2.603404 
1388 1.037297 
1389 3.794975 
1390 6.746455 
1391 11.385213 
1392 9.689745 
1393 3.964744 
1394 5.586645 
1395 9.826846 
1396 7.624139 
1397 1.044771 
1398 0.102106 
1399 5.284199 
1400 6.222880 
1401 1.404397 
1402 1.257922 
1403 3.258750 
1404 6.337035 
1405 4.501012 
1406 0.923132 
1407 1.409161 
1408 1.103310 
1409 3.495847 
1410 2.956336 
1411 2.248128 
1412 1.582531 
1413 3.705960 
1414 1.695702 
1415 2.090967 
1416 2.297666 
1417 2.506838 
1418 0.920786 
1419 5.866691 
1420 0.754683 
1421 3.052085 
1422 2.576279 
1423 2.326326 
1424 2.355533 
1425 1.755121 
1426 3.538079 
1427 1.782801 
1428 5.622902 
1429 3.123017 
1430 2.081021 
1431 4.502923 
1432 3.439914 
1433 0.419531 
1434 1.510968 
1435 4.854120 
1436 5.386519 
1437 3.164179 
1438 5.584610 
1439 4.051423 
1440 3.172205 
1441 2.205194 
1442 3.281322 
1443 2.221057 
1444 4.166461 
1445 6.182733 
1446 2.510926 
1447 1.830438 
1448 2.176182 
1449 2.560858 
1450 1.153853 
1451 1.592859 
1452 0.354761 
1453 1.725984 
1454 1.451885 
1455 2.437408 
1456 0.273302 
1457 3.430274 
1458 0.805451 
1459 2.343654 
1460 1.425664 
1461 4.318882 
1462 2.183481 
1463 4.318723 
1464 3.573363 
1465 2.150885 
1466 1.318357 
1467 4.719947 
1468 2.124987 
1469 2.032725 
1470 3.933542 
1471 6.009113 
1472 3.454520 
1473 3.265257 
1474 2.951772 
1475 5.318432 
1476 3.224271 
1477 0.577584 
1478 1.186071 
1479 1.083062 
1480 0.268850 
1481 1.600651 
1482 1.766293 
1483 1.372488 
1484 3.893925 
1485 1.317468 
1486 1.515445 
1487 1.450109 
1488 1.816165 
1489 3.978380 
1490 2.509137 
1491 4.167385 
1492 5.667699 
1493 4.953556 
1494 1.613861 
1495 0.568845 
1496 2.036238 
1497 2.868539 
1498 3.445135 
1499 5.671432 
1500 1.160313 
1501 3.364293 
1502 1.702278 
1503 1.929982 
1504 4.440939 
1505 3.988462 
1506 4.256988 
1507 6.184043 
1508 1.883680 
1509 1.108185 
1510 5.343708 
1511 2.272543 
1512 3.388081 
1513 1.802379 
1514 1.749160 
1515 0.125363 
1516 2.424880 
1517 1.759119 
1518 1.044600 
1519 1.998336 
1520 1.268692 
1521 0.587172 
1522 1.175243 
1523 1.883044 
1524 0.342554 
1525 2.152442 
1526 1.833936 
1527 0.698133 
1528 2.069172 
1529 1.197518 
1530 1.325232 
1531 1.010867 
1532 1.345493 
1533 1.080856 
1534 1.061798 
1535 0.901418 
1536 1.239444 
1537 1.260084 
1538 1.040283 
1539 0.815375 
1540 0.606819 
1541 0.392356 
1542 0.152311 
1543 0.188829 
1544 0.170716 
1545 0.143938 
1546 0.154730 
1547 0.163871 
1548 0.203084 
1549 0.206950 
1550 0.219308 
1551 0.197799 
1552 0.171002 
1553 0.123450 
1554 0.082965 
1555 0.069284 
1556 0.100939 
1557 0.131423 
1558 0.157151 
1559 0.165391 
1560 0.153308 
1561 0.134010 
1562 0.106143 
1563 0.094537 
1564 0.098306 
1565 0.119054 
1566 0.134990 
1567 0.145337 
1568 0.137208 
1569 0.126549 
1570 0.107349 
1571 0.101464 
1572 0.101048 
1573 0.116404 
1574 0.124667 
1575 0.131540 
1576 0.125182 
1577 0.118023 
1578 0.105653 
1579 0.103308 
1580 0.107619 
1581 0.118438 
1582 0.125368 
1583 0.127810 
1584 0.123937 
1585 0.117141 
1586 0.112278 
1587 0.114665 
1588 0.126167 
1589 0.140249 
1590 0.149355 
1591 0.149855 
1592 0.143722 
1593 0.127694 
1594 0.110024 
1595 0.094012 
1596 0.091920 
1597 0.099176 
1598 0.110733 
1599 0.119221 
1600 0.124758 
1601 0.124575 
1602 0.123987 
1603 0.123962 
1604 0.126980 
1605 0.130851 
1606 0.135467 
1607 0.134956 
1608 0.130983 
1609 0.122347 
1610 0.116228 
1611 0.111813 
1612 0.115080 
1613 0.119622 
1614 0.126448 
1615 0.129404 
1616 0.127217 
1617 0.122757 
1618 0.118621 
1619 0.118205 
1620 0.121651 
1621 0.128090 
1622 0.133360 
1623 0.135296 
1624 0.131152 
1625 0.122644 
1626 0.110410 
1627 0.102292 
1628 0.096447 
1629 0.097035 
1630 0.101631 
1631 0.107344 
1632 0.107392 
1633 0.106708 
1634 0.104250 
1635 0.101896 
1636 0.101111 
1637 0.103877 
1638 0.104441 
1639 0.104281 
1640 0.100398 
1641 0.095713 
1642 0.090005 
1643 0.087176 
1644 0.088749 
1645 0.093461 
1646 0.096840 
1647 0.099510 
1648 0.097847 
1649 0.095298 
1650 0.093445 
1651 0.093183 
1652 0.097880 
1653 0.102531 
1654 0.108318 
1655 0.109253 
1656 0.107884 
1657 0.102300 
1658 0.096670 
1659 0.091079 
1660 0.090695 
1661 0.093741 
1662 0.099039 
1663 0.101446 
1664 0.103962 
1665 0.103077 
1666 0.101900 
1667 0.100353 
1668 0.102697 
1669 0.103443 
1670 0.104916 
1671 0.105783 
1672 0.102968 
1673 0.100801 
1674 0.096732 
1675 0.095173 
1676 0.096548 
1677 0.098061 
1678 0.101915 
1679 0.102391 
1680 0.101941 
1681 0.098830 
1682 0.097529 
1683 0.096548 
1684 0.099472 
1685 0.103531 
1686 0.107072 
1687 0.108104 
1688 0.105676 
1689 0.101709 
1690 0.097152 
1691 0.093833 
1692 0.093070 
1693 0.094751 
1694 0.097961 
1695 0.101312 
1696 0.101378 
1697 0.101146 
1698 0.100368 
1699 0.099782 
1700 0.099399 
1701 0.101373 
1702 0.102730 
1703 0.102509 
1704 0.101106 
1705 0.098792 
1706 0.096301 
1707 0.094666 
1708 0.096125 
1709 0.096775 
1710 0.099631 
1711 0.100774 
1712 0.100033 
1713 0.098658 
1714 0.096536 
1715 0.095907 
1716 0.098023 
1717 0.101666 
1718 0.103270 
1719 0.104553 
1720 0.102592 
1721 0.099772 
1722 0.096139 
1723 0.093549 
1724 0.092061 
1725 0.093371 
1726 0.096578 
1727 0.098976 
1728 0.098799 
1729 0.098892 
1730 0.097776 
1731 0.097176 
1732 0.096707 
1733 0.098181 
1734 0.099627 
1735 0.099535 
1736 0.098511 
1737 0.096759 
1738 0.094831 
1739 0.094011 
1740 0.094136 
1741 0.095290 
1742 0.097911 
1743 0.097562 
1744 0.097548 
1745 0.095935 
1746 0.093450 
1747 0.094812 
1748 0.095073 
1749 0.098505 
1750 0.099956 
1751 0.101091 
1752 0.100584 
1753 0.098688 
1754 0.094937 
1755 0.093557 
1756 0.092687 
1757 0.094280 
1758 0.095811 
1759 0.098168 
1760 0.098690 
1761 0.097521 
1762 0.098068 
1763 0.097636 
1764 0.098446 
1765 0.099377 
1766 0.100821 
1767 0.100553 
1768 0.100389 
1769 0.099162 
1770 0.097618 
1771 0.097526 
1772 0.097261 
1773 0.098898 
1774 0.100049 
1775 0.101133 
1776 0.099904 
1777 0.098572 
1778 0.097124 
1779 0.097065 
1780 0.096995 
1781 0.098469 
1782 0.100658 
1783 0.101545 
1784 0.100864 
1785 0.098290 
1786 0.095837 
1787 0.093100 
1788 0.092766 
1789 0.093495 
1790 0.094446 
1791 0.095962 
1792 0.096899 
1793 0.096867 
1794 0.096425 
1795 0.095076 
1796 0.095588 
1797 0.096796 
1798 0.098545 
1799 0.098510 
1800 0.097465 
1801 0.097083 
1802 0.095895 
1803 0.095968 
1804 0.095674 
1805 0.097235 
1806 0.097875 
1807 0.099369 
1808 0.098918 
1809 0.097382 
1810 0.097050 
1811 0.095562 
1812 0.096287 
1813 0.097175 
1814 0.097596 
1815 0.097902 
1816 0.097792 
1817 0.095222 
1818 0.092482 
1819 0.089875 
1820 0.088129 
1821 0.087267 
1822 0.088757 
1823 0.087964 
1824 0.087957 
1825 0.085999 
1826 0.084543 
1827 0.083603 
1828 0.082965 
1829 0.082528 
1830 0.082862 
1831 0.082244 
1832 0.080893 
1833 0.080411 
1834 0.078751 
1835 0.078334 
1836 0.078329 
1837 0.078493 
1838 0.079695 
1839 0.079982 
1840 0.080305 
1841 0.079629 
1842 0.079376 
1843 0.078486 
1844 0.079797 
1845 0.081813 
1846 0.082282 
1847 0.083690 
1848 0.084592 
1849 0.083851 
1850 0.083097 
1851 0.081304 
1852 0.081385 
1853 0.081740 
1854 0.083763 
1855 0.084317 
1856 0.085018 
1857 0.085715 
1858 0.085262 
1859 0.084364 
1860 0.083827 
1861 0.084641 
1862 0.085267 
1863 0.086556 
1864 0.084962 
1865 0.085825 
1866 0.083924 
1867 0.084024 
1868 0.083037 
1869 0.084044 
1870 0.084275 
1871 0.085188 
1872 0.085261 
1873 0.084292 
1874 0.083059 
1875 0.083240 
1876 0.082885 
1877 0.085259 
1878 0.086469 
1879 0.086974 
1880 0.086426 
1881 0.085378 
1882 0.083697 
1883 0.083911 
1884 0.081493 
1885 0.082093 
1886 0.083797 
1887 0.084456 
1888 0.085617 
1889 0.085186 
1890 0.083976 
1891 0.083579 
1892 0.084258 
1893 0.082882 
1894 0.084727 
1895 0.084861 
1896 0.084672 
1897 0.083815 
1898 0.082813 
1899 0.082353 
1900 0.082262 
1901 0.082887 
1902 0.082979 
1903 0.083290 
1904 0.084144 
1905 0.082272 
1906 0.082445 
1907 0.081778 
1908 0.083110 
1909 0.082947 
1910 0.084950 
1911 0.085746 
1912 0.086475 
1913 0.086325 
1914 0.084138 
1915 0.082443 
1916 0.083185 
1917 0.084243 
1918 0.085737 
1919 0.086606 
1920 0.087016 
1921 0.087241 
1922 0.087154 
1923 0.087284 
1924 0.087243 
1925 0.087920 
1926 0.089158 
1927 0.089799 
1928 0.089395 
1929 0.089452 
1930 0.088622 
1931 0.088336 
1932 0.087789 
1933 0.088074 
1934 0.088270 
1935 0.089678 
1936 0.089045 
1937 0.088737 
1938 0.087232 
1939 0.087014 
1940 0.086937 
1941 0.088283 
1942 0.089489 
1943 0.089659 
1944 0.089669 
1945 0.088431 
1946 0.087366 
1947 0.086324 
1948 0.085988 
1949 0.086887 
1950 0.088025 
1951 0.088991 
1952 0.090017 
1953 0.089138 
1954 0.088924 
1955 0.089383 
1956 0.089334 
1957 0.090283 
1958 0.091635 
1959 0.091967 
1960 0.091833 
1961 0.092495 
1962 0.092089 
1963 0.091385 
1964 0.091450 
1965 0.091770 
1966 0.091668 
1967 0.092873 
1968 0.092473 
1969 0.092776 
1970 0.091283 
1971 0.090509 
1972 0.090953 
1973 0.091409 
1974 0.091443 
1975 0.092243 
1976 0.092511 
1977 0.090961 
1978 0.090399 
1979 0.089136 
1980 0.087839 
1981 0.088761 
1982 0.089301 
1983 0.089194 
1984 0.089461 
1985 0.089271 
1986 0.088952 
1987 0.088334 
1988 0.087291 
1989 0.088979 
1990 0.090396 
1991 0.090602 
1992 0.091547 
1993 0.090813 
1994 0.090174 
1995 0.089721 
1996 0.090084 
1997 0.089999 
1998 0.091173 
1999 0.092177 
2000 0.092251 
2001 0.091489 
2002 0.091115 
2003 0.089302 
2004 0.090351 
2005 0.091162 
2006 0.090478 
2007 0.091566 
2008 0.090843 
2009 0.090238 
2010 0.089115 
2011 0.087430 
2012 0.085942 
2013 0.085277 
2014 0.085891 
2015 0.085396 
2016 0.085021 
2017 0.084104 
2018 0.082801 
2019 0.081287 
2020 0.080016 
2021 0.080084 
2022 0.080614 
2023 0.080488 
2024 0.081102 
2025 0.080044 
2026 0.078877 
2027 0.077959 
2028 0.077535 
2029 0.077722 
2030 0.077277 
2031 0.078090 
2032 0.078731 
2033 0.078341 
2034 0.077993 
2035 0.077349 
2036 0.077409 
2037 0.078583 
2038 0.079519 
2039 0.080870 
2040 0.080390 
2041 0.081472 
2042 0.080209 
2043 0.079661 
2044 0.079353 
2045 0.080302 
2046 0.080690 
2047 0.080705 
2048 0.080536 
2049 0.080705 
2050 0.080690 
2051 0.080302 
2052 0.079353 
2053 0.079661 
2054 0.080209 
2055 0.081472 
2056 0.080390 
2057 0.080870 
2058 0.079519 
2059 0.078583 
2060 0.077409 
2061 0.077349 
2062 0.077993 
2063 0.078341 
2064 0.078731 
2065 0.078090 
2066 0.077277 
2067 0.077722 
2068 0.077535 
2069 0.077959 
2070 0.078877 
2071 0.080044 
2072 0.081102 
2073 0.080488 
2074 0.080614 
2075 0.080084 
2076 0.080016 
2077 0.081287 
2078 0.082801 
2079 0.084104 
2080 0.085021 
2081 0.085396 
2082 0.085891 
2083 0.085277 
2084 0.085942 
2085 0.087430 
2086 0.089115 
2087 0.090238 
2088 0.090843 
2089 0.091566 
2090 0.090478 
2091 0.091162 
2092 0.090351 
2093 0.089302 
2094 0.091115 
2095 0.091489 
2096 0.092251 
2097 0.092177 
2098 0.091173 
2099 0.089999 
2100 0.090084 
2101 0.089721 
2102 0.090174 
2103 0.090813 
2104 0.091547 
2105 0.090602 
2106 0.090396 
2107 0.088979 
2108 0.087291 
2109 0.088334 
2110 0.088952 
2111 0.089271 
2112 0.089461 
2113 0.089194 
2114 0.089301 
2115 0.088761 
2116 0.087839 
2117 0.089136 
2118 0.090399 
2119 0.090961 
2120 0.092511 
2121 0.092243 
2122 0.091443 
2123 0.091409 
2124 0.090953 
2125 0.090509 
2126 0.091283 
2127 0.092776 
2128 0.092473 
2129 0.092873 
2130 0.091668 
2131 0.091770 
2132 0.091450 
2133 0.091385 
2134 0.092089 
2135 0.092495 
2136 0.091833 
2137 0.091967 
2138 0.091635 
2139 0.090283 
2140 0.089334 
2141 0.089383 
2142 0.088924 
2143 0.089138 
2144 0.090017 
2145 0.088991 
2146 0.088025 
2147 0.086887 
2148 0.085988 
2149 0.086324 
2150 0.087366 
2151 0.088431 
2152 0.089669 
2153 0.089659 
2154 0.089489 
2155 0.088283 
2156 0.086937 
2157 0.087014 
2158 0.087232 
2159 0.088737 
2160 0.089045 
2161 0.089678 
2162 0.088270 
2163 0.088074 
2164 0.087789 
2165 0.088336 
2166 0.088622 
2167 0.089452 
2168 0.089395 
2169 0.089799 
2170 0.089158 
2171 0.087920 
2172 0.087243 
2173 0.087284 
2174 0.087154 
2175 0.087241 
2176 0.087016 
2177 0.086606 
2178 0.085737 
2179 0.084243 
2180 0.083185 
2181 0.082443 
2182 0.084138 
2183 0.086325 
2184 0.086475 
2185 0.085746 
2186 0.084950 
2187 0.082947 
2188 0.083110 
2189 0.081778 
2190 0.082445 
2191 0.082272 
2192 0.084144 
2193 0.083290 
2194 0.082979 
2195 0.082887 
2196 0.082262 
2197 0.082353 
2198 0.082813 
2199 0.083815 
2200 0.084672 
2201 0.084861 
2202 0.084727 
2203 0.082882 
2204 0.084258 
2205 0.083579 
2206 0.083976 
2207 0.085186 
2208 0.085617 
2209 0.084456 
2210 0.083797 
2211 0.082093 
2212 0.081493 
2213 0.083911 
2214 0.083697 
2215 0.085378 
2216 0.086426 
2217 0.086974 
2218 0.086469 
2219 0.085259 
2220 0.082885 
2221 0.083240 
2222 0.083059 
2223 0.084292 
2224 0.085261 
2225 0.085188 
2226 0.084275 
2227 0.084044 
2228 0.083037 
2229 0.084024 
2230 0.083924 
2231 0.085825 
2232 0.084962 
2233 0.086556 
2234 0.085267 
2235 0.084641 
2236 0.083827 
2237 0.084364 
2238 0.085262 
2239 0.085715 
2240 0.085018 
2241 0.084317 
2242 0.083763 
2243 0.081740 
2244 0.081385 
2245 0.081304 
2246 0.083097 
2247 0.083851 
2248 0.084592 
2249 0.083690 
2250 0.082282 
2251 0.081813 
2252 0.079797 
2253 0.078486 
2254 0.079376 
2255 0.079629 
2256 0.080305 
2257 0.079982 
2258 0.079695 
2259 0.078493 
2260 0.078329 
2261 0.078334 
2262 0.078751 
2263 0.080411 
2264 0.080893 
2265 0.082244 
2266 0.082862 
2267 0.082528 
2268 0.082965 
2269 0.083603 
2270 0.084543 
2271 0.085999 
2272 0.087957 
2273 0.087964 
2274 0.088757 
2275 0.087267 
2276 0.088129 
2277 0.089875 
2278 0.092482 
2279 0.095222 
2280 0.097792 
2281 0.097902 
2282 0.097596 
2283 0.097175 
2284 0.096287 
2285 0.095562 
2286 0.097050 
2287 0.097382 
2288 0.098918 
2289 0.099369 
2290 0.097875 
2291 0.097235 
2292 0.095674 
2293 0.095968 
2294 0.095895 
2295 0.097083 
2296 0.097465 
2297 0.098510 
2298 0.098545 
2299 0.096796 
2300 0.095588 
2301 0.095076 
2302 0.096425 
2303 0.096867 
2304 0.096899 
2305 0.095962 
2306 0.094446 
2307 0.093495 
2308 0.092766 
2309 0.093100 
2310 0.095837 
2311 0.098290 
2312 0.100864 
2313 0.101545 
2314 0.100658 
2315 0.098469 
2316 0.096995 
2317 0.097065 
2318 0.097124 
2319 0.098572 
2320 0.099904 
2321 0.101133 
2322 0.100049 
2323 0.098898 
2324 0.097261 
2325 0.097526 
2326 0.097618 
2327 0.099162 
2328 0.100389 
2329 0.100553 
2330 0.100821 
2331 0.099377 
2332 0.098446 
2333 0.097636 
2334 0.098068 
2335 0.097521 
2336 0.098690 
2337 0.098168 
2338 0.095811 
2339 0.094280 
2340 0.092687 
2341 0.093557 
2342 0.094937 
2343 0.098688 
2344 0.100584 
2345 0.101091 
2346 0.099956 
2347 0.098505 
2348 0.095073 
2349 0.094812 
2350 0.093450 
2351 0.095935 
2352 0.097548 
2353 0.097562 
2354 0.097911 
2355 0.095290 
2356 0.094136 
2357 0.094011 
2358 0.094831 
2359 0.096759 
2360 0.098511 
2361 0.099535 
2362 0.099627 
2363 0.098181 
2364 0.096707 
2365 0.097176 
2366 0.097776 
2367 0.098892 
2368 0.098799 
2369 0.098976 
2370 0.096578 
2371 0.093371 
2372 0.092061 
2373 0.093549 
2374 0.096139 
2375 0.099772 
2376 0.102592 
2377 0.104553 
2378 0.103270 
2379 0.101666 
2380 0.098023 
2381 0.095907 
2382 0.096536 
2383 0.098658 
2384 0.100033 
2385 0.100774 
2386 0.099631 
2387 0.096775 
2388 0.096125 
2389 0.094666 
2390 0.096301 
2391 0.098792 
2392 0.101106 
2393 0.102509 
2394 0.102730 
2395 0.101373 
2396 0.099399 
2397 0.099782 
2398 0.100368 
2399 0.101146 
2400 0.101378 
2401 0.101312 
2402 0.097961 
2403 0.094751 
2404 0.093070 
2405 0.093833 
2406 0.097152 
2407 0.101709 
2408 0.105676 
2409 0.108104 
2410 0.107072 
2411 0.103531 
2412 0.099472 
2413 0.096548 
2414 0.097529 
2415 0.098830 
2416 0.101941 
2417 0.102391 
2418 0.101915 
2419 0.098061 
2420 0.096548 
2421 0.095173 
2422 0.096732 
2423 0.100801 
2424 0.102968 
2425 0.105783 
2426 0.104916 
2427 0.103443 
2428 0.102697 
2429 0.100353 
2430 0.101900 
2431 0.103077 
2432 0.103962 
2433 0.101446 
2434 0.099039 
2435 0.093741 
2436 0.090695 
2437 0.091079 
2438 0.096670 
2439 0.102300 
2440 0.107884 
2441 0.109253 
2442 0.108318 
2443 0.102531 
2444 0.097880 
2445 0.093183 
2446 0.093445 
2447 0.095298 
2448 0.097847 
2449 0.099510 
2450 0.096840 
2451 0.093461 
2452 0.088749 
2453 0.087176 
2454 0.090005 
2455 0.095713 
2456 0.100398 
2457 0.104281 
2458 0.104441 
2459 0.103877 
2460 0.101111 
2461 0.101896 
2462 0.104250 
2463 0.106708 
2464 0.107392 
2465 0.107344 
2466 0.101631 
2467 0.097035 
2468 0.096447 
2469 0.102292 
2470 0.110410 
2471 0.122644 
2472 0.131152 
2473 0.135296 
2474 0.133360 
2475 0.128090 
2476 0.121651 
2477 0.118205 
2478 0.118621 
2479 0.122757 
2480 0.127217 
2481 0.129404 
2482 0.126448 
2483 0.119622 
2484 0.115080 
2485 0.111813 
2486 0.116228 
2487 0.122347 
2488 0.130983 
2489 0.134956 
2490 0.135467 
2491 0.130851 
2492 0.126980 
2493 0.123962 
2494 0.123987 
2495 0.124575 
2496 0.124758 
2497 0.119221 
2498 0.110733 
2499 0.099176 
2500 0.091920 
2501 0.094012 
2502 0.110024 
2503 0.127694 
2504 0.143722 
2505 0.149855 
2506 0.149355 
2507 0.140249 
2508 0.126167 
2509 0.114665 
2510 0.112278 
2511 0.117141 
2512 0.123937 
2513 0.127810 
2514 0.125368 
2515 0.118438 
2516 0.107619 
2517 0.103308 
2518 0.105653 
2519 0.118023 
2520 0.125182 
2521 0.131540 
2522 0.124667 
2523 0.116404 
2524 0.101048 
2525 0.101464 
2526 0.107349 
2527 0.126549 
2528 0.137208 
2529 0.145337 
2530 0.134990 
2531 0.119054 
2532 0.098306 
2533 0.094537 
2534 0.106143 
2535 0.134010 
2536 0.153308 
2537 0.165391 
2538 0.157151 
2539 0.131423 
2540 0.100939 
2541 0.069284 
2542 0.082965 
2543 0.123450 
2544 0.171002 
2545 0.197799 
2546 0.219308 
2547 0.206950 
2548 0.203084 
2549 0.163871 
2550 0.154730 
2551 0.143938 
2552 0.170716 
2553 0.188829 
2554 0.152311 
2555 0.392356 
2556 0.606819 
2557 0.815375 
2558 1.040283 
2559 1.260084 
2560 1.239444 
2561 0.901418 
2562 1.061798 
2563 1.080856 
2564 1.345493 
2565 1.010867 
2566 1.325232 
2567 1.197518 
2568 2.069172 
2569 0.698133 
2570 1.833936 
2571 2.152442 
2572 0.342554 
2573 1.883044 
2574 1.175243 
2575 0.587172 
2576 1.268692 
2577 1.998336 
2578 1.044600 
2579 1.759119 
2580 2.424880 
2581 0.125363 
2582 1.749160 
2583 1.802379 
2584 3.388081 
2585 2.272543 
2586 5.343708 
2587 1.108185 
2588 1.883680 
2589 6.184043 
2590 4.256988 
2591 3.988462 
2592 4.440939 
2593 1.929982 
2594 1.702278 
2595 3.364293 
2596 1.160313 
2597 5.671432 
2598 3.445135 
2599 2.868539 
2600 2.036238 
2601 0.568845 
2602 1.613861 
2603 4.953556 
2604 5.667699 
2605 4.167385 
2606 2.509137 
2607 3.978380 
2608 1.816165 
2609 1.450109 
2610 1.515445 
2611 1.317468 
2612 3.893925 
2613 1.372488 
2614 1.766293 
2615 1.600651 
2616 0.268850 
2617 1.083062 
2618 1.186071 
2619 0.577584 
2620 3.224271 
2621 5.318432 
2622 2.951772 
2623 3.265257 
2624 3.454520 
2625 6.009113 
2626 3.933542 
2627 2.032725 
2628 2.124987 
2629 4.719947 
2630 1.318357 
2631 2.150885 
2632 3.573363 
2633 4.318723 
2634 2.183481 
2635 4.318882 
2636 1.425664 
2637 2.343654 
2638 0.805451 
2639 3.430274 
2640 0.273302 
2641 2.437408 
2642 1.451885 
2643 1.725984 
2644 0.354761 
2645 1.592859 
2646 1.153853 
2647 2.560858 
2648 2.176182 
2649 1.830438 
2650 2.510926 
2651 6.182733 
2652 4.166461 
2653 2.221057 
2654 3.281322 
2655 2.205194 
2656 3.172205 
2657 4.051423 
2658 5.584610 
2659 3.164179 
2660 5.386519 
2661 4.854120 
2662 1.510968 
2663 0.419531 
2664 3.439914 
2665 4.502923 
2666 2.081021 
2667 3.123017 
2668 5.622902 
2669 1.782801 
2670 3.538079 
2671 1.755121 
2672 2.355533 
2673 2.326326 
2674 2.576279 
2675 3.052085 
2676 0.754683 
2677 5.866691 
2678 0.920786 
2679 2.506838 
2680 2.297666 
2681 2.090967 
2682 1.695702 
2683 3.705960 
2684 1.582531 
2685 2.248128 
2686 2.956336 
2687 3.495847 
2688 1.103310 
2689 1.409161 
2690 0.923132 
2691 4.501012 
2692 6.337035 
2693 3.258750 
2694 1.257922 
2695 1.404397 
2696 6.222880 
2697 5.284199 
2698 0.102106 
2699 1.044771 
2700 7.624139 
2701 9.826846 
2702 5.586645 
2703 3.964744 
2704 9.689745 
2705 11.385213 
2706 6.746455 
2707 3.794975 
2708 1.037297 
2709 2.603404 
2710 5.573003 
2711 8.408978 
2712 4.925846 
2713 2.755108 
2714 3.699613 
2715 5.218060 
2716 4.191202 
2717 2.146948 
2718 3.726581 
2719 0.694277 
2720 4.635253 
2721 7.728693 
2722 12.613901 
2723 12.731711 
2724 5.635836 
2725 4.027939 
2726 7.723121 
2727 7.747113 
2728 4.605737 
2729 4.182227 
2730 3.511050 
2731 2.912614 
2732 9.171968 
2733 4.975686 
2734 2.003283 
2735 6.370655 
2736 13.001707 
2737 17.150303 
2738 15.902737 
2739 2.495734 
2740 5.892586 
2741 6.989108 
2742 3.277926 
2743 9.870597 
2744 8.608111 
2745 8.064589 
2746 1.066928 
2747 4.672753 
2748 8.625890 
2749 7.010832 
2750 6.777999 
2751 3.848291 
2752 9.935723 
2753 8.587229 
2754 11.477007 
2755 7.730866 
2756 11.252841 
2757 7.770363 
2758 13.991325 
2759 4.076831 
2760 7.019786 
2761 2.743595 
2762 5.609882 
2763 4.437819 
2764 2.207024 
2765 3.045247 
2766 5.685915 
2767 11.727546 
2768 13.172407 
2769 11.598246 
2770 6.112573 
2771 0.967243 
2772 3.378325 
2773 8.594403 
2774 10.304010 
2775 17.568498 
2776 14.710437 
2777 8.185219 
2778 7.724157 
2779 13.860481 
2780 10.030701 
2781 6.986941 
2782 2.403129 
2783 12.039526 
2784 6.873320 
2785 11.502835 
2786 12.699741 
2787 2.912884 
2788 2.130912 
2789 9.483988 
2790 8.777937 
2791 9.358238 
2792 2.854493 
2793 2.289198 
2794 3.281816 
2795 2.488780 
2796 8.029330 
2797 5.081001 
2798 11.318296 
2799 6.315326 
2800 2.268441 
2801 4.118467 
2802 3.466452 
2803 4.864095 
2804 8.431818 
2805 7.253400 
2806 6.312113 
2807 8.785277 
2808 9.588780 
2809 5.901485 
2810 7.456633 
2811 1.286662 
2812 0.864906 
2813 9.750128 
2814 3.343010 
2815 9.304260 
2816 7.702803 
2817 8.119065 
2818 7.727411 
2819 3.574502 
2820 1.640273 
2821 0.785613 
2822 4.827490 
2823 1.100063 
2824 4.836546 
2825 5.482397 
2826 3.615756 
2827 6.140831 
2828 3.920898 
2829 3.258049 
2830 5.944370 
2831 7.651868 
2832 4.500265 
2833 11.008618 
2834 6.486220 
2835 2.193046 
2836 2.885971 
2837 6.324692 
2838 5.430812 
2839 9.409385 
2840 8.145372 
2841 7.031554 
2842 5.295948 
2843 1.562954 
2844 2.112378 
2845 1.380038 
2846 4.858150 
2847 7.322257 
2848 4.113228 
2849 7.765330 
2850 1.707626 
2851 5.249244 
2852 0.787148 
2853 3.128859 
2854 0.370923 
2855 3.534006 
2856 1.555083 
2857 1.774672 
2858 2.908454 
2859 1.230687 
2860 3.341624 
2861 3.542628 
2862 8.592606 
2863 6.226253 
2864 4.529583 
2865 4.055949 
2866 6.111637 
2867 8.729105 
2868 6.374772 
2869 13.657824 
2870 4.920925 
2871 6.978423 
2872 6.618682 
2873 10.292407 
2874 6.598642 
2875 1.491946 
2876 2.709048 
2877 3.919303 
2878 7.338906 
2879 3.621377 
2880 8.865959 
2881 10.099137 
2882 12.041275 
2883 3.303859 
2884 3.230942 
2885 2.235881 
2886 7.312775 
2887 8.752285 
2888 4.598710 
2889 9.860475 
2890 1.743274 
2891 5.159857 
2892 5.528393 
2893 5.137041 
2894 8.829553 
2895 2.193795 
2896 8.279098 
2897 1.811198 
2898 1.957202 
2899 2.205758 
2900 6.819119 
2901 9.639606 
2902 4.128136 
2903 7.256094 
2904 8.463964 
2905 4.433298 
2906 12.406000 
2907 13.278536 
2908 6.823622 
2909 9.727210 
2910 2.708808 
2911 4.196150 
2912 4.079431 
2913 4.866223 
2914 8.536509 
2915 6.150457 
2916 15.896473 
2917 5.247681 
2918 5.725412 
2919 4.902857 
2920 1.770517 
2921 5.107218 
2922 6.322425 
2923 3.954810 
2924 2.933998 
2925 6.301460 
2926 5.832611 
2927 4.714006 
2928 4.024147 
2929 5.745417 
2930 1.842238 
2931 3.874242 
2932 12.973931 
2933 2.787804 
2934 13.018330 
2935 6.768657 
2936 6.739040 
2937 9.729410 
2938 6.146896 
2939 18.886424 
2940 9.570279 
2941 8.608289 
2942 10.360361 
2943 5.092541 
2944 2.142069 
2945 9.420029 
2946 10.312742 
2947 2.295633 
2948 14.892860 
2949 10.557489 
2950 5.280135 
2951 14.128667 
2952 8.688710 
2953 4.025920 
2954 6.434401 
2955 7.003922 
2956 10.949233 
2957 4.177515 
2958 14.326809 
2959 10.308273 
2960 11.650894 
2961 4.183038 
2962 9.142351 
2963 7.922780 
2964 5.912987 
2965 4.213428 
2966 4.558956 
2967 3.675733 
2968 4.666088 
2969 7.573851 
2970 12.638390 
2971 7.054747 
2972 8.557234 
2973 6.036434 
2974 5.019846 
2975 7.071733 
2976 4.977976 
2977 5.322958 
2978 4.090222 
2979 9.426753 
2980 3.534683 
2981 8.294886 
2982 6.119597 
2983 5.992481 
2984 9.072656 
2985 15.599819 
2986 4.897481 
2987 6.702776 
2988 11.841216 
2989 7.040270 
2990 3.510840 
2991 5.047610 
2992 7.652700 
2993 5.298184 
2994 5.066211 
2995 11.790967 
2996 10.132439 
2997 3.167475 
2998 3.521148 
2999 7.621593 
3000 6.385272 
3001 9.239435 
3002 8.938245 
3003 6.973718 
3004 2.704127 
3005 13.457876 
3006 11.235959 
3007 11.187913 
3008 17.219451 
3009 5.839448 
3010 2.103711 
3011 1.684234 
3012 5.981394 
3013 5.960179 
3014 5.686681 
3015 7.277606 
3016 13.538165 
3017 6.788870 
3018 4.128651 
3019 3.007490 
3020 2.810991 
3021 8.728045 
3022 2.659560 
3023 6.052516 
3024 11.048410 
3025 7.934193 
3026 8.163078 
3027 4.859073 
3028 7.367009 
3029 7.265213 
3030 5.415737 
3031 13.916265 
3032 10.185731 
3033 4.292821 
3034 10.422897 
3035 1.046644 
3036 11.125925 
3037 2.103931 
3038 4.113498 
3039 3.185941 
3040 8.391746 
3041 2.744275 
3042 9.814367 
3043 3.439774 
3044 3.215353 
3045 2.341783 
3046 3.265720 
3047 2.618780 
3048 3.162478 
3049 0.845568 
3050 3.647375 
3051 6.534891 
3052 2.682361 
3053 0.619868 
3054 1.573377 
3055 2.343339 
3056 3.569277 
3057 3.930443 
3058 2.009839 
3059 3.698133 
3060 3.735870 
3061 2.942364 
3062 7.437773 
3063 1.992677 
3064 3.513738 
3065 9.174455 
3066 8.387827 
3067 5.348215 
3068 2.358093 
3069 3.807912 
3070 5.968383 
3071 2.737804 
3072 5.413715 
3073 3.528451 
3074 0.922843 
3075 2.889509 
3076 4.735254 
3077 4.691101 
3078 0.750161 
3079 3.176443 
3080 4.978697 
3081 1.228223 
3082 7.357301 
3083 2.882415 
3084 1.965889 
3085 3.310009 
3086 1.730247 
3087 5.350840 
3088 5.133669 
3089 1.536142 
3090 0.876119 
3091 1.012121 
3092 1.853930 
3093 2.321861 
3094 2.878362 
3095 5.169688 
3096 4.510491 
3097 1.430565 
3098 3.008939 
3099 3.078980 
3100 4.847153 
3101 1.579995 
3102 2.096648 
3103 2.602987 
3104 3.522428 
3105 1.380393 
3106 1.603504 
3107 3.051750 
3108 4.483359 
3109 4.410536 
3110 1.471308 
3111 2.909140 
3112 0.588147 
3113 0.730607 
3114 1.911332 
3115 3.057870 
3116 2.839543 
3117 3.457739 
3118 2.398731 
3119 2.717601 
3120 1.631313 
3121 0.589223 
3122 2.066870 
3123 1.286047 
3124 4.657842 
3125 0.209934 
3126 0.887873 
3127 1.181019 
3128 2.058577 
3129 1.299646 
3130 1.107608 
3131 1.416541 
3132 1.689391 
3133 1.846011 
3134 4.126884 
3135 1.484243 
3136 0.338900 
3137 2.843878 
3138 0.667694 
3139 3.899425 
3140 3.065060 
3141 1.855484 
3142 3.561519 
3143 2.690674 
3144 1.104923 
3145 2.937735 
3146 1.513426 
3147 1.875111 
3148 1.517665 
3149 2.861342 
3150 0.379188 
3151 1.021489 
3152 0.693398 
3153 3.578939 
3154 3.057671 
3155 1.861654 
3156 2.200405 
3157 2.396527 
3158 2.412238 
3159 1.628108 
3160 3.332128 
3161 3.654251 
3162 0.340999 
3163 1.542036 
3164 3.844527 
3165 2.952235 
3166 1.749139 
3167 1.397421 
3168 1.145615 
3169 2.875048 
3170 3.584123 
3171 0.423064 
3172 2.853654 
3173 1.187564 
3174 2.505079 
3175 0.850340 
3176 2.201831 
3177 2.220929 
3178 2.580876 
3179 1.975545 
3180 2.400041 
3181 0.914702 
3182 1.898837 
3183 0.737065 
3184 2.084451 
3185 1.018883 
3186 2.548759 
3187 0.724892 
3188 2.691868 
3189 0.952482 
3190 5.848881 
3191 2.297886 
3192 5.776353 
3193 0.522201 
3194 2.439538 
3195 0.994390 
3196 2.022474 
3197 2.202244 
3198 0.911599 
3199 0.967301 
3200 2.428838 
3201 1.033094 
3202 1.542117 
3203 1.322359 
3204 0.764332 
3205 1.849039 
3206 1.657024 
3207 0.690160 
3208 2.307793 
3209 0.645825 
3210 1.023825 
3211 1.166270 
3212 0.320399 
3213 1.562931 
3214 0.796945 
3215 2.293614 
3216 0.989197 
3217 3.579382 
3218 5.074523 
3219 6.545354 
3220 2.565784 
3221 0.216253 
3222 2.614579 
3223 0.785741 
3224 2.619330 
3225 1.333088 
3226 1.826900 
3227 1.776957 
3228 1.945213 
3229 1.619243 
3230 4.745476 
3231 5.757575 
3232 2.174588 
3233 5.184360 
3234 1.067055 
3235 6.657666 
3236 4.786438 
3237 1.663722 
3238 3.461839 
3239 3.710275 
3240 4.253565 
3241 2.367121 
3242 3.911019 
3243 1.148087 
3244 6.641382 
3245 3.174308 
3246 0.247444 
3247 2.305891 
3248 3.144263 
3249 3.212096 
3250 4.630034 
3251 3.310402 
3252 3.345217 
3253 1.284836 
3254 2.213478 
3255 1.781784 
3256 1.923629 
3257 0.382499 
3258 0.690749 
3259 2.710813 
3260 5.087600 
3261 4.548079 
3262 5.911381 
3263 7.873731 
3264 6.503631 
3265 5.173871 
3266 7.175277 
3267 2.468926 
3268 3.871676 
3269 6.494587 
3270 4.003388 
3271 4.832384 
3272 4.126876 
3273 2.569987 
3274 5.250571 
3275 3.107167 
3276 7.602732 
3277 4.500780 
3278 2.477099 
3279 2.357418 
3280 1.600681 
3281 2.262778 
3282 4.384654 
3283 3.729201 
3284 0.127068 
3285 1.530863 
3286 0.855657 
3287 2.587308 
3288 2.353576 
3289 0.578523 
3290 3.512762 
3291 0.353473 
3292 1.496630 
3293 1.646412 
3294 1.855942 
3295 2.109802 
3296 2.645496 
3297 5.458552 
3298 2.554571 
3299 3.824903 
3300 3.054970 
3301 1.816183 
3302 0.618420 
3303 5.087712 
3304 3.334751 
3305 4.050757 
3306 1.998463 
3307 2.548191 
3308 2.105568 
3309 2.320311 
3310 2.174398 
3311 3.407529 
3312 4.284855 
3313 1.434108 
3314 0.935579 
3315 1.374480 
3316 0.380598 
3317 1.657102 
3318 1.499738 
3319 0.840491 
3320 1.855078 
3321 0.584284 
3322 0.802279 
3323 0.788678 
3324 0.745734 
3325 0.977069 
3326 1.240760 
3327 1.054651 
3328 0.722342 
3329 0.492828 
3330 0.715262 
3331 0.430585 
3332 1.267709 
3333 1.736146 
3334 0.439128 
3335 1.813406 
3336 1.041741 
3337 0.515014 
3338 0.893053 
3339 1.189992 
3340 1.478915 
3341 1.709873 
3342 0.469244 
3343 0.922487 
3344 1.232432 
3345 2.568048 
3346 1.379372 
3347 1.300712 
3348 1.192791 
3349 1.518442 
3350 0.755810 
3351 0.661380 
3352 0.179321 
3353 0.879670 
3354 1.589331 
3355 1.327063 
3356 2.556291 
3357 2.569423 
3358 1.306420 
3359 0.502773 
3360 1.553276 
3361 1.244503 
3362 0.328387 
3363 1.981943 
3364 0.778907 
3365 1.631257 
3366 1.849956 
3367 2.208692 
3368 3.177525 
3369 1.711719 
3370 0.135198 
3371 1.998953 
3372 3.642158 
3373 2.542978 
3374 0.215728 
3375 1.179068 
3376 1.125212 
3377 1.491633 
3378 2.473122 
3379 0.925335 
3380 1.381510 
3381 0.989355 
3382 1.202600 
3383 0.715501 
3384 1.378924 
3385 0.754234 
3386 1.191513 
3387 0.515131 
3388 1.611047 
3389 1.807057 
3390 1.685782 
3391 1.056365 
3392 0.173236 
3393 1.670996 
3394 2.646370 
3395 2.586039 
3396 1.037141 
3397 1.014151 
3398 0.722891 
3399 1.830854 
3400 3.677469 
3401 1.392469 
3402 3.339539 
3403 2.502513 
3404 3.347489 
3405 1.685693 
3406 1.763372 
3407 2.494231 
3408 1.453907 
3409 2.111889 
3410 1.631271 
3411 3.982218 
3412 0.961079 
3413 3.768533 
3414 0.715726 
3415 0.769175 
3416 3.368870 
3417 3.026532 
3418 4.250638 
3419 2.197502 
3420 0.527879 
3421 0.480415 
3422 0.652939 
3423 0.466765 
3424 1.862854 
3425 3.149881 
3426 2.249061 
3427 3.753213 
3428 4.541672 
3429 1.291341 
3430 4.253807 
3431 3.994396 
3432 3.105796 
3433 1.293162 
3434 1.318348 
3435 2.423279 
3436 1.061087 
3437 2.459617 
3438 1.966695 
3439 0.766264 
3440 1.419254 
3441 1.573186 
3442 2.073497 
3443 3.281819 
3444 3.070603 
3445 1.934469 
3446 1.935786 
3447 0.724298 
3448 0.638307 
3449 2.813532 
3450 2.446717 
3451 1.570864 
3452 0.276618 
3453 0.506910 
3454 0.938793 
3455 3.881905 
3456 1.652967 
3457 2.455120 
3458 2.497287 
3459 2.819191 
3460 3.516116 
3461 3.614610 
3462 0.989796 
3463 1.588806 
3464 3.159998 
3465 2.083842 
3466 2.345589 
3467 1.770584 
3468 1.703379 
3469 1.605049 
3470 2.319253 
3471 4.071004 
3472 0.948982 
3473 1.371372 
3474 0.647019 
3475 0.572332 
3476 1.097581 
3477 2.076614 
3478 2.281665 
3479 1.232372 
3480 1.550555 
3481 0.730194 
3482 0.568822 
3483 1.823753 
3484 2.528156 
3485 0.599470 
3486 2.227405 
3487 4.003449 
3488 2.897192 
3489 3.432041 
3490 2.226288 
3491 3.535831 
3492 5.262045 
3493 5.746805 
3494 2.729654 
3495 0.947400 
3496 1.939890 
3497 1.630204 
3498 0.533758 
3499 2.125160 
3500 3.537902 
3501 3.358195 
3502 2.343151 
3503 1.879636 
3504 1.028369 
3505 1.957875 
3506 2.419674 
3507 2.195178 
3508 2.729948 
3509 3.513980 
3510 2.623508 
3511 0.377182 
3512 1.620661 
3513 1.525062 
3514 0.562934 
3515 2.476194 
3516 1.502496 
3517 1.226830 
3518 2.855127 
3519 2.185433 
3520 0.410934 
3521 0.842516 
3522 1.230164 
3523 1.282342 
3524 0.366024 
3525 0.626037 
3526 1.943320 
3527 2.916022 
3528 2.975365 
3529 1.394808 
3530 0.808773 
3531 1.387704 
3532 1.479211 
3533 0.712220 
3534 1.171827 
3535 0.396499 
3536 1.083738 
3537 0.903203 
3538 0.764446 
3539 1.485694 
3540 1.722852 
3541 2.591913 
3542 1.604506 
3543 0.527061 
3544 0.641945 
3545 1.171614 
3546 0.783957 
3547 0.303789 
3548 2.091350 
3549 2.565566 
3550 1.063374 
3551 1.109062 
3552 1.674621 
3553 1.273508 
3554 2.196762 
3555 3.359730 
3556 4.315593 
3557 3.638487 
3558 3.294719 
3559 1.394977 
3560 1.003695 
3561 1.775741 
3562 1.679710 
3563 1.910539 
3564 3.474471 
3565 4.068693 
3566 2.078703 
3567 0.740838 
3568 0.507561 
3569 1.499079 
3570 3.445058 
3571 3.797732 
3572 1.360549 
3573 0.473794 
3574 1.132948 
3575 2.864450 
3576 3.901649 
3577 1.209488 
3578 1.680335 
3579 0.649986 
3580 1.093830 
3581 1.305946 
3582 1.470564 
3583 1.372716 
3584 1.134468 
3585 2.005277 
3586 2.300200 
3587 4.171594 
3588 3.678729 
3589 2.024534 
3590 1.664294 
3591 2.240682 
3592 2.171913 
3593 2.201504 
3594 1.633673 
3595 1.279607 
3596 1.769912 
3597 1.740306 
3598 1.226189 
3599 1.785640 
3600 2.894209 
3601 3.089185 
3602 2.435817 
3603 2.321173 
3604 4.570251 
3605 2.970927 
3606 0.975493 
3607 0.488132 
3608 0.981186 
3609 1.797822 
3610 1.819314 
3611 2.100680 
3612 2.725575 
3613 2.313287 
3614 2.641958 
3615 1.779885 
3616 0.882323 
3617 1.668450 
3618 1.833110 
3619 0.683765 
3620 0.760930 
3621 0.817568 
3622 0.990547 
3623 1.392240 
3624 2.720593 
3625 2.441157 
3626 1.852468 
3627 1.662101 
3628 0.206624 
3629 1.387272 
3630 0.619486 
3631 1.283636 
3632 2.197259 
3633 0.969797 
3634 1.501046 
3635 1.603082 
3636 1.346419 
3637 1.232405 
3638 2.324350 
3639 2.126140 
3640 1.523057 
3641 1.054979 
3642 0.366129 
3643 0.833337 
3644 0.622313 
3645 0.809035 
3646 1.772302 
3647 1.969612 
3648 1.478941 
3649 1.913151 
3650 1.251637 
3651 0.886558 
3652 0.703949 
3653 0.448912 
3654 0.591547 
3655 0.887820 
3656 0.264075 
3657 0.486036 
3658 0.714470 
3659 0.447555 
3660 0.405156 
3661 0.454000 
3662 0.641700 
3663 0.642174 
3664 1.104052 
3665 1.137288 
3666 0.782761 
3667 0.582715 
3668 0.639040 
3669 0.536290 
3670 0.761970 
3671 1.296180 
3672 1.154949 
3673 0.603242 
3674 0.312237 
3675 0.223043 
3676 0.205930 
3677 0.386644 
3678 0.530344 
3679 0.517455 
3680 0.499686 
3681 0.324772 
3682 0.482814 
3683 0.752957 
3684 0.539170 
3685 0.450889 
3686 0.614627 
3687 0.762099 
3688 0.260914 
3689 0.178959 
3690 0.421821 
3691 0.738318 
3692 1.487912 
3693 1.486477 
3694 0.787227 
3695 0.293783 
3696 0.306595 
3697 1.183071 
3698 1.826957 
3699 1.430311 
3700 0.424559 
3701 0.228064 
3702 0.267636 
3703 0.310708 
3704 0.698242 
3705 0.854816 
3706 0.687468 
3707 0.696308 
3708 1.207273 
3709 1.787574 
3710 1.209182 
3711 0.895374 
3712 0.655315 
3713 0.368057 
3714 1.406352 
3715 0.899961 
3716 0.476553 
3717 1.856021 
3718 1.292130 
3719 1.812591 
3720 1.041688 
3721 1.092782 
3722 2.003084 
3723 1.755965 
3724 1.847159 
3725 1.581028 
3726 2.034826 
3727 1.379523 
3728 0.445415 
3729 1.479175 
3730 0.325788 
3731 2.490110 
3732 1.542319 
3733 1.789744 
3734 1.439855 
3735 0.788128 
3736 1.415304 
3737 1.629904 
3738 1.568985 
3739 2.764118 
3740 1.619423 
3741 1.046148 
3742 1.979486 
3743 1.434118 
3744 1.539345 
3745 3.672829 
3746 1.674263 
3747 3.826120 
3748 1.593368 
3749 2.062125 
3750 2.218994 
3751 0.842116 
3752 1.272734 
3753 3.741694 
3754 2.361125 
3755 1.797383 
3756 2.167328 
3757 3.746260 
3758 1.426082 
3759 2.366572 
3760 3.316817 
3761 1.179582 
3762 2.682154 
3763 3.578924 
3764 2.425876 
3765 1.332921 
3766 1.437265 
3767 1.121996 
3768 3.383435 
3769 1.478240 
3770 3.425807 
3771 2.970186 
3772 4.364567 
3773 5.207478 
3774 2.662592 
3775 1.795679 
3776 3.416173 
3777 4.380601 
3778 2.024329 
3779 5.591669 
3780 0.935933 
3781 0.989614 
3782 0.044166 
3783 0.461023 
3784 1.165910 
3785 1.923746 
3786 1.186989 
3787 1.931364 
3788 0.394310 
3789 1.340252 
3790 1.243532 
3791 2.311563 
3792 2.098450 
3793 1.780759 
3794 2.387099 
3795 1.659485 
3796 2.057482 
3797 1.839885 
3798 2.515160 
3799 0.294873 
3800 4.201691 
3801 1.640350 
3802 2.721200 
3803 4.659177 
3804 0.756851 
3805 3.478591 
3806 4.615762 
3807 1.973067 
3808 3.163566 
3809 4.252773 
3810 1.466812 
3811 2.786780 
3812 1.301656 
3813 1.138863 
3814 4.109470 
3815 1.558522 
3816 3.397839 
3817 3.632585 
3818 0.245489 
3819 1.325348 
3820 3.590318 
3821 1.504174 
3822 0.746108 
3823 2.037905 
3824 4.061556 
3825 6.803089 
3826 1.708439 
3827 1.700095 
3828 0.422499 
3829 1.275242 
3830 1.028838 
3831 1.653016 
3832 0.726883 
3833 2.646659 
3834 2.523784 
3835 2.701709 
3836 3.917532 
3837 1.302422 
3838 1.585074 
3839 1.215648 
3840 2.409220 
3841 1.560076 
3842 0.796850 
3843 2.950782 
3844 1.336119 
3845 1.917542 
3846 1.042319 
3847 2.281770 
3848 1.946919 
3849 2.645674 
3850 0.651303 
3851 1.112695 
3852 0.641692 
3853 1.528010 
3854 1.291144 
3855 2.107161 
3856 1.935804 
3857 1.199099 
3858 3.601088 
3859 4.305201 
3860 3.551275 
3861 0.723403 
3862 2.243920 
3863 3.898665 
3864 4.479811 
3865 2.732165 
3866 3.059418 
3867 6.567131 
3868 2.235244 
3869 7.346497 
3870 7.631414 
3871 8.394991 
3872 3.745891 
3873 2.495314 
3874 5.079262 
3875 5.657197 
3876 5.361163 
3877 6.480400 
3878 8.021464 
3879 11.710671 
3880 7.324698 
3881 6.605087 
3882 4.215483 
3883 3.687629 
3884 2.893657 
3885 3.561384 
3886 3.377121 
3887 6.130654 
3888 3.574525 
3889 4.395311 
3890 3.217277 
3891 1.812217 
3892 2.853687 
3893 1.100665 
3894 1.304796 
3895 5.371518 
3896 2.263274 
3897 1.679615 
3898 0.762341 
3899 2.200335 
3900 0.972532 
3901 3.320271 
3902 1.122344 
3903 3.768885 
3904 3.420386 
3905 2.424475 
3906 2.016013 
3907 2.147888 
3908 0.918811 
3909 0.459498 
3910 1.535760 
3911 2.165552 
3912 1.591431 
3913 1.583793 
3914 1.124903 
3915 0.984289 
3916 1.831066 
3917 1.376698 
3918 0.661295 
3919 1.157638 
3920 0.252756 
3921 0.707198 
3922 1.153011 
3923 1.813218 
3924 1.479907 
3925 1.275411 
3926 2.010638 
3927 1.349477 
3928 2.418170 
3929 1.400658 
3930 3.552878 
3931 8.116731 
3932 5.830668 
3933 5.159452 
3934 4.368254 
3935 4.246400 
3936 6.638115 
3937 7.088575 
3938 8.422027 
3939 3.017800 
3940 5.808574 
3941 1.293150 
3942 1.847810 
3943 0.433891 
3944 1.689282 
3945 1.147640 
3946 0.060050 
3947 3.120709 
3948 3.564240 
3949 6.349238 
3950 3.937491 
3951 5.588890 
3952 1.797205 
3953 7.018220 
3954 2.914633 
3955 2.722006 
3956 3.649736 
3957 1.473992 
3958 3.091496 
3959 2.572024 
3960 9.328594 
3961 9.597555 
3962 10.336237 
3963 10.482934 
3964 8.486735 
3965 9.259072 
3966 4.884786 
3967 2.187064 
3968 5.597104 
3969 6.114093 
3970 11.779459 
3971 14.434459 
3972 8.005779 
3973 4.524269 
3974 1.989056 
3975 3.255456 
3976 3.998000 
3977 3.407807 
3978 8.840812 
3979 6.477666 
3980 5.518664 
3981 9.985165 
3982 11.914628 
3983 8.076971 
3984 6.420829 
3985 6.450099 
3986 3.049079 
3987 5.580673 
3988 2.168880 
3989 4.191875 
3990 4.814184 
3991 5.165572 
3992 5.895194 
3993 3.713097 
3994 2.495918 
3995 1.633733 
3996 2.461417 
3997 1.871940 
3998 3.118184 
3999 3.009800 
4000 2.018726 
4001 2.047357 
4002 2.720928 
4003 0.900759 
4004 1.995433 
4005 3.453042 
4006 2.385817 
4007 1.547333 
4008 1.095429 
4009 1.378037 
4010 1.971667 
4011 1.845629 
4012 1.814949 
4013 1.733449 
4014 3.164564 
4015 2.402277 
4016 1.649767 
4017 1.386209 
4018 1.727326 
4019 0.986635 
4020 1.102062 
4021 1.401160 
4022 0.932394 
4023 0.296716 
4024 0.889897 
4025 0.240595 
4026 0.247935 
4027 0.386651 
4028 0.378579 
4029 0.286362 
4030 0.049523 
4031 0.344717 
4032 0.203159 
4033 0.315517 
4034 0.046598 
4035 0.320816 
4036 0.082238 
4037 0.282042 
4038 0.246310 
4039 0.147052 
4040 0.237461 
4041 0.378986 
4042 0.168066 
4043 0.265643 
4044 0.172748 
4045 0.209772 
4046 0.194028 
4047 0.140984 
4048 0.064854 
4049 0.347864 
4050 0.202393 
4051 0.319039 
4052 0.200960 
4053 0.150656 
4054 0.276304 
4055 0.134237 
4056 0.275442 
4057 0.237496 
4058 0.180673 
4059 0.114011 
4060 0.281029 
4061 0.143913 
4062 0.132515 
4063 0.363770 
4064 0.193459 
4065 0.299041 
4066 0.460499 
4067 0.546924 
4068 0.799985 
4069 0.229187 
4070 0.213710 
4071 0.385207 
4072 0.129190 
4073 0.376760 
4074 0.287706 
4075 0.191047 
4076 0.112788 
4077 0.301049 
4078 0.275523 
4079 0.182936 
4080 0.018600 
4081 0.138859 
4082 0.115275 
4083 0.203473 
4084 0.088075 
4085 0.272839 
4086 0.269035 
4087 0.377992 
4088 0.340652 
4089 0.251193 
4090 0.135668 
4091 0.178658 
4092 0.206618 
4093 0.184187 
4094 0.185382 
4095 0.183049 
